27, 125, pa2-debug-d-output1.txt
  203.96,   208.75,   202.95
  408.27,   405.95,   198.68
  100.76,    98.71,    99.45
  103.44,    95.74,   224.39
  106.13,    92.77,   349.32
   98.46,   223.65,   102.47
  101.15,   220.68,   227.41
  103.83,   217.71,   352.34
   96.17,   348.60,   105.49
   98.85,   345.62,   230.43
  101.53,   342.65,   355.37
  225.71,   101.07,    96.82
  228.39,    98.10,   221.76
  231.08,    95.13,   346.70
  223.41,   226.02,    99.85
  226.10,   223.04,   224.78
  228.78,   220.07,   349.72
  221.12,   350.96,   102.87
  223.80,   347.99,   227.80
  226.48,   345.01,   352.74
  350.66,   103.44,    94.20
  353.35,   100.46,   219.13
  356.03,    97.49,   344.07
  348.36,   228.38,    97.22
  351.05,   225.41,   222.16
  353.73,   222.43,   347.09
  346.07,   353.32,   100.24
  348.75,   350.35,   225.18
  351.43,   347.38,   350.11
  101.80,    98.38,   225.55
  100.41,   101.72,   350.49
   99.02,   105.06,   475.44
  100.40,   223.33,   222.19
   99.01,   226.67,   347.13
   97.62,   230.01,   472.08
   98.99,   348.27,   218.83
   97.60,   351.62,   343.78
   96.21,   354.96,   468.72
  226.79,    99.82,   226.90
  225.40,   103.16,   351.85
  224.01,   106.51,   476.79
  225.38,   224.77,   223.54
  223.99,   228.11,   348.49
  222.60,   231.45,   473.43
  223.98,   349.71,   220.18
  222.59,   353.06,   345.13
  221.20,   356.40,   470.08
  351.77,   101.26,   228.25
  350.38,   104.60,   353.20
  348.99,   107.95,   478.15
  350.37,   226.21,   224.89
  348.98,   229.55,   349.84
  347.59,   232.89,   474.79
  348.96,   351.15,   221.53
  347.57,   354.50,   346.48
  346.18,   357.84,   471.43
  100.79,    99.46,   350.84
   97.19,   101.02,   475.78
   93.59,   102.58,   600.72
  100.22,   224.44,   349.26
   96.62,   226.00,   474.20
   93.01,   227.56,   599.14
   99.65,   349.43,   347.69
   96.04,   350.99,   472.63
   92.44,   352.55,   597.56
  225.74,   100.07,   354.44
  222.14,   101.63,   479.38
  218.53,   103.19,   604.31
  225.17,   225.06,   352.86
  221.56,   226.62,   477.80
  217.96,   228.18,   602.74
  224.59,   350.05,   351.28
  220.99,   351.61,   476.22
  217.39,   353.17,   601.16
  350.69,   100.69,   358.03
  347.08,   102.25,   482.97
  343.48,   103.81,   607.91
  350.11,   225.68,   356.46
  346.51,   227.24,   481.39
  342.91,   228.80,   606.33
  349.54,   350.67,   354.88
  345.94,   352.23,   479.82
  342.33,   353.79,   604.76
   98.31,    99.08,   475.62
   96.44,    96.05,   600.57
   94.58,    93.02,   725.52
   95.13,   224.00,   478.60
   93.26,   220.98,   603.55
   91.39,   217.95,   728.50
   91.94,   348.93,   481.58
   90.07,   345.90,   606.53
   88.20,   342.87,   731.48
  223.26,   102.22,   477.56
  221.39,    99.19,   602.51
  219.52,    96.16,   727.46
  220.07,   227.15,   480.54
  218.20,   224.12,   605.49
  216.33,   221.09,   730.44
  216.89,   352.07,   483.52
  215.02,   349.04,   608.47
  213.15,   346.01,   733.42
  348.20,   105.36,   479.51
  346.34,   102.33,   604.46
  344.47,    99.30,   729.41
  345.02,   230.29,   482.49
  343.15,   227.26,   607.44
  341.28,   224.23,   732.39
  341.83,   355.21,   485.47
  339.96,   352.18,   610.42
  338.09,   349.15,   735.37
  100.42,   101.10,   600.26
  103.18,    99.68,   725.22
  105.95,    98.25,   850.18
   99.33,   226.09,   601.70
  102.10,   224.66,   726.67
  104.87,   223.24,   851.63
   98.25,   351.08,   603.15
  101.02,   349.65,   728.12
  103.78,   348.22,   853.08
  225.38,   102.22,   597.50
  228.15,   100.79,   722.46
  230.91,    99.37,   847.42
  224.30,   227.20,   598.95
  227.07,   225.78,   723.91
  229.83,   224.35,   848.87
  223.22,   352.19,   600.40
  225.98,   350.76,   725.36
  228.75,   349.34,   850.32
  350.35,   103.33,   594.75
  353.11,   101.91,   719.71
  355.88,   100.48,   844.67
  349.26,   228.32,   596.20
  352.03,   226.89,   721.16
  354.80,   225.47,   846.12
  348.18,   353.31,   597.65
  350.95,   351.88,   722.61
  353.71,   350.45,   847.57
  101.21,   226.99,   101.75
  102.59,   230.26,   226.70
  103.97,   233.53,   351.65
  103.48,   351.93,    98.46
  104.86,   355.20,   223.41
  106.24,   358.47,   348.35
  105.74,   476.86,    95.16
  107.12,   480.13,   220.11
  108.50,   483.40,   345.06
  226.18,   224.69,   100.43
  227.56,   227.96,   225.38
  228.94,   231.23,   350.33
  228.45,   349.63,    97.14
  229.83,   352.90,   222.08
  231.21,   356.17,   347.03
  230.71,   474.56,    93.84
  232.09,   477.83,   218.79
  233.47,   481.10,   343.74
  351.15,   222.39,    99.11
  352.53,   225.66,   224.06
  353.91,   228.93,   349.01
  353.42,   347.32,    95.81
  354.80,   350.60,   220.76
  356.18,   353.87,   345.71
  355.69,   472.26,    92.52
  357.07,   475.53,   217.47
  358.45,   478.80,   342.42
   99.78,   224.89,   226.29
  100.49,   226.47,   351.28
  101.20,   228.05,   476.27
  100.86,   349.87,   224.71
  101.57,   351.45,   349.70
  102.29,   353.03,   474.68
  101.95,   474.86,   223.12
  102.66,   476.44,   348.11
  103.37,   478.02,   473.10
  224.78,   223.80,   225.60
  225.49,   225.38,   350.59
  226.20,   226.95,   475.57
  225.86,   348.78,   224.01
  226.57,   350.36,   349.00
  227.28,   351.94,   473.99
  226.94,   473.77,   222.43
  227.65,   475.35,   347.41
  228.36,   476.93,   472.40
  349.77,   222.71,   224.90
  350.48,   224.28,   349.89
  351.19,   225.86,   474.88
  350.85,   347.69,   223.32
  351.56,   349.27,   348.30
  352.27,   350.85,   473.29
  351.93,   472.68,   221.73
  352.64,   474.26,   346.72
  353.35,   475.83,   471.71
   99.62,   224.31,   351.56
   98.43,   223.74,   476.56
   97.25,   223.16,   601.55
  100.46,   349.31,   352.15
   99.28,   348.73,   477.14
   98.10,   348.16,   602.13
  101.31,   474.30,   352.73
  100.13,   473.73,   477.72
   98.94,   473.15,   602.71
  224.61,   223.46,   352.74
  223.43,   222.89,   477.74
  222.24,   222.31,   602.73
  225.45,   348.46,   353.32
  224.27,   347.88,   478.32
  223.09,   347.31,   603.31
  226.30,   473.45,   353.91
  225.12,   472.88,   478.90
  223.93,   472.30,   603.89
  349.60,   222.61,   353.92
  348.42,   222.04,   478.91
  347.23,   221.46,   603.91
  350.45,   347.61,   354.50
  349.26,   347.03,   479.50
  348.08,   346.46,   604.49
  351.29,   472.60,   355.09
  350.11,   472.03,   480.08
  348.93,   471.45,   605.07
   98.90,   224.81,   473.14
   95.70,   224.05,   598.10
   92.50,   223.30,   723.06
  101.48,   349.78,   473.96
   98.28,   349.02,   598.92
   95.08,   348.27,   723.88
  104.05,   474.75,   474.79
  100.86,   473.99,   599.74
   97.66,   473.24,   724.70
  223.83,   222.21,   476.33
  220.63,   221.45,   601.28
  217.43,   220.70,   726.24
  226.41,   347.18,   477.15
  223.21,   346.42,   602.10
  220.01,   345.67,   727.06
  228.99,   472.15,   477.97
  225.79,   471.40,   602.93
  222.59,   470.64,   727.88
  348.77,   219.61,   479.51
  345.57,   218.86,   604.47
  342.37,   218.10,   729.42
  351.34,   344.58,   480.33
  348.14,   343.83,   605.29
  344.94,   343.07,   730.24
  353.92,   469.55,   481.15
  350.72,   468.80,   606.11
  347.52,   468.04,   731.07
   99.84,   225.61,   600.66
  102.89,   226.76,   725.62
  105.94,   227.90,   850.58
  100.77,   350.60,   599.49
  103.82,   351.75,   724.45
  106.88,   352.90,   849.41
  101.70,   475.59,   598.32
  104.76,   476.74,   723.28
  107.81,   477.89,   848.24
  224.80,   224.65,   597.62
  227.85,   225.80,   722.58
  230.90,   226.94,   847.54
  225.73,   349.64,   596.45
  228.78,   350.79,   721.41
  231.83,   351.93,   846.37
  226.66,   474.63,   595.28
  229.72,   475.78,   720.24
  232.77,   476.92,   845.20
  349.76,   223.69,   594.58
  352.81,   224.83,   719.54
  355.86,   225.98,   844.49
  350.69,   348.68,   593.41
  353.74,   349.82,   718.36
  356.79,   350.97,   843.32
  351.62,   473.67,   592.24
  354.67,   474.82,   717.19
  357.73,   475.96,   842.15
   99.40,   351.28,   100.39
  102.25,   351.34,   225.36
  105.10,   351.40,   350.33
   96.76,   476.25,   100.40
   99.61,   476.31,   225.36
  102.47,   476.37,   350.33
   94.13,   601.23,   100.40
   96.98,   601.29,   225.36
   99.83,   601.34,   350.33
  224.34,   353.92,    97.54
  227.19,   353.97,   222.51
  230.04,   354.03,   347.48
  221.70,   478.89,    97.54
  224.55,   478.95,   222.51
  227.40,   479.01,   347.48
  219.07,   603.86,    97.54
  221.92,   603.92,   222.51
  224.77,   603.98,   347.48
  349.28,   356.55,    94.69
  352.13,   356.61,   219.66
  354.98,   356.67,   344.63
  346.64,   481.52,    94.69
  349.49,   481.58,   219.66
  352.34,   481.64,   344.63
  344.01,   606.49,    94.69
  346.86,   606.55,   219.66
  349.71,   606.61,   344.63
  100.64,   348.87,   224.14
  101.83,   348.33,   349.13
  103.02,   347.79,   474.13
  102.15,   473.86,   224.66
  103.34,   473.32,   349.66
  104.54,   472.78,   474.65
  103.66,   598.85,   225.19
  104.85,   598.31,   350.18
  106.05,   597.77,   475.17
  225.63,   347.36,   222.94
  226.82,   346.83,   347.94
  228.01,   346.29,   472.93
  227.14,   472.35,   223.47
  228.33,   471.82,   348.46
  229.52,   471.28,   473.45
  228.65,   597.34,   223.99
  229.84,   596.81,   348.98
  231.03,   596.27,   473.98
  350.61,   345.86,   221.75
  351.80,   345.32,   346.74
  353.00,   344.78,   471.73
  352.12,   470.85,   222.27
  353.31,   470.31,   347.26
  354.51,   469.77,   472.26
  353.63,   595.84,   222.79
  354.82,   595.30,   347.79
  356.02,   594.76,   472.78
   99.31,   350.76,   349.39
   97.06,   353.74,   474.33
   94.80,   356.71,   599.28
   96.75,   475.70,   346.37
   94.50,   478.67,   471.31
   92.24,   481.65,   596.25
   94.20,   600.63,   343.34
   91.94,   603.61,   468.29
   89.69,   606.59,   593.23
  224.26,   353.37,   351.58
  222.01,   356.35,   476.52
  219.76,   359.32,   601.47
  221.71,   478.31,   348.56
  219.45,   481.28,   473.50
  217.20,   484.26,   598.45
  219.15,   603.25,   345.54
  216.90,   606.22,   470.48
  214.64,   609.20,   595.42
  349.22,   355.98,   353.77
  346.96,   358.96,   478.72
  344.71,   361.93,   603.66
  346.66,   480.92,   350.75
  344.41,   483.89,   475.70
  342.15,   486.87,   600.64
  344.10,   605.86,   347.73
  341.85,   608.83,   472.67
  339.59,   611.81,   597.62
  101.84,   350.63,   475.31
  103.09,   349.17,   600.29
  104.34,   347.71,   725.28
   98.61,   475.58,   476.80
   99.86,   474.12,   601.78
  101.11,   472.66,   726.77
   95.39,   600.53,   478.29
   96.64,   599.07,   603.28
   97.89,   597.61,   728.26
  226.79,   353.87,   474.09
  228.04,   352.41,   599.08
  229.29,   350.95,   724.06
  223.56,   478.82,   475.59
  224.81,   477.36,   600.57
  226.06,   475.90,   725.56
  220.34,   603.77,   477.08
  221.59,   602.31,   602.07
  222.84,   600.85,   727.05
  351.74,   357.11,   472.88
  352.99,   355.65,   597.87
  354.24,   354.19,   722.85
  348.52,   482.06,   474.38
  349.77,   480.60,   599.36
  351.02,   479.14,   724.35
  345.29,   607.01,   475.87
  346.54,   605.55,   600.85
  347.79,   604.09,   725.84
   98.74,   349.09,   600.90
   95.33,   348.62,   725.85
   91.93,   348.16,   850.80
  101.44,   474.06,   601.44
   98.03,   473.59,   726.39
   94.62,   473.13,   851.34
  104.13,   599.03,   601.98
  100.73,   598.56,   726.93
   97.32,   598.10,   851.88
  223.67,   346.38,   604.29
  220.26,   345.91,   729.25
  216.85,   345.45,   854.20
  226.36,   471.35,   604.83
  222.96,   470.88,   729.79
  219.55,   470.42,   854.74
  229.06,   596.32,   605.37
  225.65,   595.85,   730.33
  222.25,   595.39,   855.28
  348.59,   343.67,   607.69
  345.18,   343.20,   732.64
  341.78,   342.74,   857.60
  351.29,   468.64,   608.23
  347.88,   468.17,   733.18
  344.47,   467.71,   858.14
  353.98,   593.61,   608.77
  350.58,   593.14,   733.72
  347.17,   592.68,   858.67
  100.68,   474.52,   101.97
  102.59,   471.58,   226.92
  104.50,   468.64,   351.87
   99.01,   599.48,   104.94
  100.92,   596.54,   229.89
  102.83,   593.60,   354.84
   97.34,   724.43,   107.90
   99.25,   721.49,   232.85
  101.16,   718.55,   357.80
  225.65,   476.23,   100.10
  227.56,   473.29,   225.05
  229.47,   470.35,   350.00
  223.98,   601.19,   103.07
  225.89,   598.25,   228.02
  227.80,   595.31,   352.97
  222.32,   726.14,   106.03
  224.23,   723.20,   230.98
  226.14,   720.26,   355.93
  350.63,   477.95,    98.23
  352.53,   475.01,   223.18
  354.44,   472.07,   348.13
  348.96,   602.90,   101.20
  350.87,   599.96,   226.15
  352.78,   597.02,   351.10
  347.29,   727.85,   104.16
  349.20,   724.91,   229.11
  351.11,   721.97,   354.07
  101.10,   476.30,   223.83
  102.35,   478.43,   348.81
  103.60,   480.56,   473.78
   98.31,   601.25,   221.73
   99.57,   603.38,   346.70
  100.82,   605.51,   471.68
   95.53,   726.20,   219.62
   96.78,   728.33,   344.60
   98.03,   730.46,   469.57
  226.06,   479.06,   222.53
  227.31,   481.19,   347.51
  228.57,   483.33,   472.49
  223.28,   604.01,   220.43
  224.53,   606.14,   345.40
  225.78,   608.28,   470.38
  220.49,   728.96,   218.32
  221.74,   731.09,   343.30
  223.00,   733.23,   468.28
  351.03,   481.82,   221.24
  352.28,   483.95,   346.21
  353.53,   486.09,   471.19
  348.24,   606.77,   219.13
  349.49,   608.91,   344.11
  350.74,   611.04,   469.08
  345.46,   731.72,   217.02
  346.71,   733.86,   342.00
  347.96,   735.99,   466.98
  101.67,   475.24,   351.57
  102.21,   473.89,   476.56
  102.75,   472.53,   601.55
  105.31,   600.18,   352.91
  105.85,   598.83,   477.90
  106.40,   597.47,   602.89
  108.96,   725.12,   354.25
  109.50,   723.77,   479.25
  110.04,   722.41,   604.24
  226.62,   471.61,   350.99
  227.16,   470.25,   475.98
  227.70,   468.89,   600.97
  230.26,   596.55,   352.33
  230.80,   595.19,   477.32
  231.34,   593.83,   602.31
  233.90,   721.49,   353.67
  234.44,   720.13,   478.67
  234.99,   718.77,   603.66
  351.56,   467.97,   350.41
  352.10,   466.61,   475.40
  352.64,   465.25,   600.39
  355.21,   592.91,   351.75
  355.75,   591.55,   476.74
  356.29,   590.19,   601.73
  358.85,   717.85,   353.09
  359.39,   716.49,   478.09
  359.93,   715.13,   603.08
   98.19,   473.13,   475.14
   99.96,   474.07,   600.12
  101.72,   475.01,   725.11
   95.67,   598.10,   474.23
   97.43,   599.04,   599.22
   99.20,   599.98,   724.20
   93.14,   723.07,   473.33
   94.91,   724.01,   598.32
   96.67,   724.95,   723.30
  223.16,   475.64,   473.35
  224.92,   476.58,   598.34
  226.69,   477.52,   723.32
  220.63,   600.62,   472.45
  222.39,   601.55,   597.43
  224.16,   602.49,   722.42
  218.10,   725.59,   471.55
  219.87,   726.53,   596.53
  221.63,   727.46,   721.52
  348.12,   478.16,   471.57
  349.88,   479.10,   596.55
  351.65,   480.03,   721.54
  345.59,   603.13,   470.67
  347.36,   604.07,   595.65
  349.12,   605.01,   720.64
  343.07,   728.10,   469.76
  344.83,   729.04,   594.75
  346.60,   729.98,   719.73
  100.79,   473.27,   599.54
   98.74,   476.25,   724.49
   96.69,   479.24,   849.44
   99.55,   598.23,   596.54
   97.50,   601.21,   721.48
   95.45,   604.20,   846.43
   98.31,   723.18,   593.53
   96.26,   726.17,   718.48
   94.21,   729.15,   843.43
  225.77,   474.56,   601.56
  223.72,   477.54,   726.51
  221.67,   480.53,   851.45
  224.52,   599.52,   598.55
  222.48,   602.50,   723.50
  220.43,   605.49,   848.45
  223.28,   724.47,   595.55
  221.23,   727.46,   720.50
  219.19,   730.44,   845.44
  350.74,   475.85,   603.58
  348.69,   478.83,   728.53
  346.65,   481.82,   853.47
  349.50,   600.81,   600.57
  347.45,   603.79,   725.52
  345.40,   606.78,   850.47
  348.26,   725.77,   597.57
  346.21,   728.75,   722.51
  344.16,   731.74,   847.46
  100.42,   600.15,    99.05
  100.90,   596.79,   224.00
  101.39,   593.43,   348.96
   99.40,   725.10,   102.41
   99.89,   721.74,   227.36
  100.38,   718.38,   352.32
   98.39,   850.05,   105.77
   98.87,   846.69,   230.73
   99.36,   843.33,   355.68
  225.41,   601.18,    98.59
  225.90,   597.82,   223.54
  226.39,   594.46,   348.50
  224.40,   726.13,   101.95
  224.88,   722.77,   226.90
  225.37,   719.41,   351.86
  223.38,   851.08,   105.31
  223.87,   847.72,   230.27
  224.36,   844.36,   355.22
  350.41,   602.21,    98.13
  350.89,   598.85,   223.08
  351.38,   595.49,   348.04
  349.39,   727.16,   101.49
  349.88,   723.80,   226.45
  350.37,   720.44,   351.40
  348.38,   852.11,   104.85
  348.86,   848.75,   229.81
  349.35,   845.39,   354.76
  101.93,   599.76,   223.49
   99.20,   596.48,   348.42
   96.48,   593.20,   473.35
  100.62,   724.71,   226.75
   97.89,   721.43,   351.67
   95.17,   718.15,   476.60
   99.31,   849.66,   230.00
   96.58,   846.38,   354.92
   93.86,   843.10,   479.85
  226.89,   600.99,   226.25
  224.17,   597.71,   351.18
  221.45,   594.44,   476.10
  225.58,   725.94,   229.50
  222.86,   722.67,   354.43
  220.14,   719.39,   479.35
  224.27,   850.90,   232.75
  221.55,   847.62,   357.68
  218.83,   844.34,   482.61
  351.85,   602.23,   229.00
  349.13,   598.95,   353.93
  346.41,   595.67,   478.86
  350.54,   727.18,   232.25
  347.82,   723.90,   357.18
  345.10,   720.63,   482.11
  349.23,   852.13,   235.51
  346.51,   848.86,   360.43
  343.79,   845.58,   485.36
   98.45,   601.13,   351.49
  100.40,   603.89,   476.45
  102.34,   606.65,   601.40
  101.33,   726.07,   348.69
  103.27,   728.83,   473.64
  105.22,   731.59,   598.60
  104.20,   851.00,   345.88
  106.15,   853.76,   470.84
  108.10,   856.52,   595.79
  223.40,   598.21,   349.61
  225.35,   600.97,   474.57
  227.29,   603.73,   599.52
  226.28,   723.15,   346.81
  228.22,   725.91,   471.76
  230.17,   728.67,   596.72
  229.16,   848.08,   344.00
  231.10,   850.84,   468.96
  233.05,   853.60,   593.91
  348.35,   595.29,   347.73
  350.30,   598.05,   472.69
  352.25,   600.81,   597.64
  351.23,   720.23,   344.93
  353.18,   722.99,   469.88
  355.12,   725.75,   594.83
  354.11,   845.16,   342.12
  356.05,   847.92,   467.07
  358.00,   850.68,   592.03
   99.82,   598.59,   476.78
  102.55,   596.13,   601.72
  105.28,   593.66,   726.67
  103.37,   723.52,   479.16
  106.10,   721.05,   604.11
  108.83,   718.59,   729.05
  106.92,   848.45,   481.55
  109.65,   845.98,   606.49
  112.38,   843.52,   731.44
  224.74,   595.10,   473.98
  227.47,   592.63,   598.92
  230.20,   590.17,   723.87
  228.29,   720.02,   476.36
  231.02,   717.56,   601.31
  233.75,   715.10,   726.25
  231.84,   844.95,   478.75
  234.57,   842.49,   603.69
  237.30,   840.02,   728.64
  349.66,   591.60,   471.18
  352.39,   589.14,   596.12
  355.12,   586.68,   721.07
  353.21,   716.53,   473.56
  355.94,   714.07,   598.51
  358.67,   711.60,   723.45
  356.76,   841.46,   475.95
  359.49,   838.99,   600.89
  362.22,   836.53,   725.84
  100.49,   600.87,   600.81
  102.71,   597.21,   725.74
  104.94,   593.54,   850.66
  103.33,   725.78,   604.42
  105.56,   722.12,   729.35
  107.79,   718.46,   854.27
  106.18,   850.70,   608.03
  108.41,   847.04,   732.96
  110.64,   843.37,   857.88
  225.43,   598.09,   598.50
  227.66,   594.42,   723.43
  229.89,   590.76,   848.35
  228.28,   723.00,   602.11
  230.51,   719.34,   727.04
  232.74,   715.68,   851.96
  231.13,   847.92,   605.72
  233.36,   844.25,   730.65
  235.58,   840.59,   855.57
  350.38,   595.30,   596.19
  352.61,   591.64,   721.12
  354.84,   587.98,   846.04
  353.23,   720.22,   599.80
  355.46,   716.56,   724.73
  357.69,   712.90,   849.65
  356.08,   845.13,   603.41
  358.30,   841.47,   728.34
  360.53,   837.81,   853.26
  226.20,   101.79,   100.78
  225.43,   105.24,   225.73
  224.67,   108.69,   350.68
  228.84,   226.71,    97.34
  228.08,   230.17,   222.29
  227.31,   233.62,   347.24
  231.49,   351.64,    93.91
  230.73,   355.09,   218.86
  229.96,   358.54,   343.81
  351.17,    99.16,   101.61
  350.40,   102.62,   226.56
  349.64,   106.07,   351.51
  353.81,   224.09,    98.18
  353.05,   227.54,   223.13
  352.28,   230.99,   348.08
  356.46,   349.01,    94.74
  355.70,   352.46,   219.69
  354.93,   355.92,   344.64
  476.14,    96.54,   102.45
  475.37,    99.99,   227.40
  474.61,   103.44,   352.35
  478.78,   221.46,    99.01
  478.02,   224.91,   223.96
  477.25,   228.37,   348.91
  481.43,   346.39,    95.58
  480.67,   349.84,   220.53
  479.90,   353.29,   345.48
  225.33,    98.86,   223.55
  223.33,   101.99,   348.49
  221.34,   105.11,   473.44
  221.82,   223.77,   220.37
  219.83,   226.90,   345.31
  217.83,   230.02,   470.26
  218.32,   348.68,   217.19
  216.33,   351.81,   342.13
  214.33,   354.94,   467.08
  350.26,   102.42,   225.45
  348.27,   105.54,   350.40
  346.27,   108.67,   475.34
  346.76,   227.33,   222.27
  344.76,   230.45,   347.22
  342.77,   233.58,   472.16
  343.26,   352.24,   219.09
  341.26,   355.36,   344.04
  339.27,   358.49,   468.98
  475.20,   105.97,   227.36
  473.20,   109.09,   352.30
  471.21,   112.22,   477.25
  471.69,   230.88,   224.18
  469.70,   234.00,   349.12
  467.70,   237.13,   474.07
  468.19,   355.79,   221.00
  466.20,   358.91,   345.94
  464.20,   362.04,   470.89
  223.35,   100.38,   350.91
  226.24,   101.33,   475.87
  229.14,   102.28,   600.84
  223.62,   225.38,   349.96
  226.51,   226.33,   474.92
  229.40,   227.28,   599.88
  223.88,   350.38,   349.00
  226.77,   351.33,   473.96
  229.66,   352.28,   598.93
  348.32,   100.10,   348.02
  351.21,   101.05,   472.99
  354.10,   102.00,   597.95
  348.58,   225.10,   347.07
  351.47,   226.04,   472.03
  354.37,   226.99,   596.99
  348.85,   350.09,   346.11
  351.74,   351.04,   471.07
  354.63,   351.99,   596.04
  473.29,    99.81,   345.13
  476.18,   100.76,   470.10
  479.07,   101.71,   595.06
  473.55,   224.81,   344.18
  476.44,   225.76,   469.14
  479.33,   226.71,   594.10
  473.81,   349.81,   343.22
  476.70,   350.76,   468.18
  479.60,   351.71,   593.15
  224.16,    99.33,   473.47
  225.35,   102.55,   598.43
  226.54,   105.78,   723.38
  224.21,   224.29,   470.25
  225.40,   227.51,   595.20
  226.60,   230.74,   720.15
  224.26,   349.24,   467.02
  225.46,   352.47,   591.97
  226.65,   355.70,   716.93
  349.15,    99.24,   472.28
  350.34,   102.47,   597.23
  351.54,   105.70,   722.19
  349.20,   224.20,   469.06
  350.40,   227.43,   594.01
  351.59,   230.65,   718.96
  349.26,   349.16,   465.83
  350.45,   352.39,   590.78
  351.64,   355.61,   715.73
  474.14,    99.16,   471.09
  475.34,   102.39,   596.04
  476.53,   105.61,   721.00
  474.20,   224.12,   467.86
  475.39,   227.34,   592.82
  476.58,   230.57,   717.77
  474.25,   349.08,   464.64
  475.44,   352.30,   589.59
  476.64,   355.53,   714.54
  223.82,    98.49,   598.54
  227.40,   101.07,   723.46
  230.97,   103.66,   848.38
  225.00,   223.45,   595.92
  228.57,   226.04,   720.84
  232.15,   228.63,   845.76
  226.18,   348.42,   593.29
  229.75,   351.01,   718.22
  233.33,   353.59,   843.14
  348.76,    97.23,   594.99
  352.34,    99.82,   719.91
  355.92,   102.41,   844.83
  349.94,   222.20,   592.36
  353.52,   224.79,   717.29
  357.09,   227.37,   842.21
  351.12,   347.17,   589.74
  354.70,   349.75,   714.66
  358.27,   352.34,   839.59
  473.70,    95.98,   591.43
  477.28,    98.57,   716.36
  480.86,   101.15,   841.28
  474.88,   220.95,   588.81
  478.46,   223.53,   713.73
  482.04,   226.12,   838.66
  476.06,   345.91,   586.19
  479.64,   348.50,   711.11
  483.22,   351.09,   836.03
  226.59,   225.97,    99.91
  224.18,   223.99,   224.87
  221.76,   222.01,   349.83
  227.15,   350.95,   101.90
  224.73,   348.97,   226.86
  222.32,   346.99,   351.82
  227.70,   475.94,   103.89
  225.29,   473.96,   228.85
  222.88,   471.98,   353.81
  351.57,   225.37,   102.31
  349.15,   223.39,   227.27
  346.74,   221.42,   352.23
  352.12,   350.36,   104.30
  349.71,   348.38,   229.26
  347.30,   346.40,   354.22
  352.68,   475.34,   106.29
  350.27,   473.36,   231.25
  347.85,   471.38,   356.21
  476.54,   224.78,   104.72
  474.13,   222.80,   229.68
  471.72,   220.82,   354.64
  477.10,   349.76,   106.71
  474.69,   347.78,   231.67
  472.27,   345.80,   356.63
  477.66,   474.75,   108.70
  475.24,   472.77,   233.66
  472.83,   470.79,   358.62
  226.72,   224.33,   224.51
  223.75,   222.15,   349.46
  220.79,   219.98,   474.41
  223.73,   349.27,   226.62
  220.76,   347.10,   351.56
  217.80,   344.93,   476.51
  220.74,   474.22,   228.72
  217.78,   472.05,   353.66
  214.81,   469.87,   478.61
  351.65,   227.26,   227.53
  348.68,   225.09,   352.48
  345.72,   222.92,   477.42
  348.66,   352.21,   229.63
  345.69,   350.04,   354.58
  342.73,   347.87,   479.52
  345.67,   477.16,   231.73
  342.71,   474.98,   356.68
  339.74,   472.81,   481.62
  476.57,   230.20,   230.54
  473.61,   228.03,   355.49
  470.65,   225.86,   480.44
  473.59,   355.15,   232.65
  470.62,   352.97,   357.59
  467.66,   350.80,   482.54
  470.60,   480.09,   234.75
  467.63,   477.92,   359.69
  464.67,   475.75,   484.64
  226.09,   224.43,   349.09
  224.65,   222.87,   474.07
  223.21,   221.32,   599.05
  229.11,   349.38,   350.68
  227.67,   347.83,   475.66
  226.23,   346.27,   600.64
  232.13,   474.34,   352.27
  230.69,   472.78,   477.25
  229.24,   471.22,   602.23
  351.04,   221.39,   350.49
  349.60,   219.84,   475.47
  348.16,   218.28,   600.45
  354.06,   346.35,   352.08
  352.62,   344.79,   477.06
  351.18,   343.23,   602.04
  357.08,   471.30,   353.67
  355.64,   469.74,   478.65
  354.20,   468.19,   603.63
  476.00,   218.36,   351.89
  474.56,   216.80,   476.87
  473.12,   215.24,   601.85
  479.02,   343.31,   353.48
  477.58,   341.75,   478.46
  476.14,   340.20,   603.44
  482.04,   468.26,   355.07
  480.60,   466.71,   480.05
  479.16,   465.15,   605.04
  226.29,   224.65,   476.39
  222.89,   226.97,   601.32
  219.48,   229.29,   726.26
  228.89,   349.61,   474.15
  225.49,   351.92,   599.08
  222.08,   354.24,   724.01
  231.49,   474.56,   471.90
  228.09,   476.88,   596.83
  224.68,   479.19,   721.77
  351.22,   222.12,   479.84
  347.81,   224.43,   604.78
  344.41,   226.75,   729.71
  353.82,   347.07,   477.60
  350.41,   349.38,   602.53
  347.01,   351.70,   727.46
  356.42,   472.02,   475.35
  353.01,   474.34,   600.29
  349.61,   476.65,   725.22
  476.14,   219.58,   483.29
  472.74,   221.89,   608.23
  469.34,   224.21,   733.16
  478.74,   344.53,   481.05
  475.34,   346.85,   605.98
  471.94,   349.16,   730.91
  481.35,   469.48,   478.80
  477.94,   471.80,   603.74
  474.54,   474.11,   728.67
  225.03,   224.91,   599.49
  223.71,   224.92,   724.49
  222.39,   224.92,   849.48
  228.26,   349.87,   599.52
  226.94,   349.87,   724.51
  225.62,   349.88,   849.51
  231.50,   474.83,   599.55
  230.18,   474.83,   724.54
  228.86,   474.84,   849.53
  349.98,   221.67,   600.81
  348.66,   221.68,   725.81
  347.34,   221.68,   850.80
  353.22,   346.63,   600.84
  351.90,   346.64,   725.83
  350.57,   346.64,   850.83
  356.45,   471.59,   600.87
  355.13,   471.59,   725.86
  353.81,   471.60,   850.85
  474.93,   218.43,   602.13
  473.61,   218.44,   727.13
  472.29,   218.45,   852.12
  478.17,   343.39,   602.16
  476.85,   343.40,   727.15
  475.53,   343.40,   852.15
  481.40,   468.35,   602.19
  480.08,   468.36,   727.18
  478.76,   468.36,   852.18
  224.48,   348.73,    98.36
  225.44,   349.12,   223.36
  226.40,   349.50,   348.35
  225.03,   473.73,    97.97
  225.99,   474.12,   222.97
  226.95,   474.50,   347.96
  225.58,   598.73,    97.59
  226.54,   599.11,   222.58
  227.49,   599.50,   347.58
  349.47,   348.18,    97.40
  350.43,   348.57,   222.40
  351.39,   348.95,   347.39
  350.02,   473.18,    97.02
  350.98,   473.56,   222.01
  351.94,   473.95,   347.01
  350.57,   598.18,    96.63
  351.53,   598.56,   221.62
  352.49,   598.94,   346.62
  474.47,   347.63,    96.44
  475.43,   348.01,   221.44
  476.39,   348.40,   346.44
  475.02,   472.63,    96.06
  475.98,   473.01,   221.05
  476.94,   473.40,   346.05
  475.57,   597.63,    95.67
  476.53,   598.01,   220.67
  477.49,   598.39,   345.66
  223.46,   351.12,   224.33
  225.98,   354.67,   349.26
  228.49,   358.23,   474.18
  219.88,   476.02,   220.85
  222.40,   479.57,   345.77
  224.92,   483.13,   470.70
  216.31,   600.92,   217.37
  218.83,   604.47,   342.29
  221.35,   608.03,   467.21
  348.38,   354.62,   221.71
  350.90,   358.17,   346.64
  353.42,   361.73,   471.56
  344.80,   479.52,   218.23
  347.32,   483.07,   343.15
  349.84,   486.63,   468.08
  341.23,   604.42,   214.75
  343.75,   607.97,   339.67
  346.27,   611.53,   464.59
  473.30,   358.12,   219.09
  475.82,   361.68,   344.02
  478.34,   365.23,   468.94
  469.73,   483.02,   215.61
  472.25,   486.58,   340.53
  474.77,   490.13,   465.46
  466.15,   607.92,   212.13
  468.67,   611.48,   337.05
  471.19,   615.03,   461.98
  224.97,   350.12,   350.72
  225.58,   347.09,   475.68
  226.19,   344.05,   600.64
  222.53,   475.06,   353.76
  223.13,   472.03,   478.72
  223.74,   468.99,   603.69
  220.08,   600.00,   356.81
  220.69,   596.96,   481.77
  221.29,   593.93,   606.73
  349.95,   352.58,   350.17
  350.55,   349.55,   475.13
  351.16,   346.51,   600.10
  347.50,   477.52,   353.22
  348.11,   474.49,   478.18
  348.71,   471.45,   603.14
  345.06,   602.46,   356.26
  345.66,   599.42,   481.22
  346.27,   596.39,   606.18
  474.92,   355.04,   349.63
  475.53,   352.01,   474.59
  476.13,   348.97,   599.55
  472.48,   479.98,   352.67
  473.08,   476.95,   477.63
  473.69,   473.91,   602.59
  470.03,   604.92,   355.71
  470.64,   601.88,   480.68
  471.24,   598.85,   605.64
  224.18,   350.17,   473.91
  221.37,   346.77,   598.83
  218.56,   343.37,   723.75
  222.86,   475.11,   477.28
  220.05,   471.72,   602.20
  217.24,   468.32,   727.12
  221.55,   600.06,   480.64
  218.74,   596.67,   605.56
  215.93,   593.27,   730.49
  349.14,   351.40,   476.75
  346.33,   348.01,   601.68
  343.52,   344.61,   726.60
  347.82,   476.35,   480.12
  345.01,   472.95,   605.04
  342.20,   469.56,   729.96
  346.51,   601.30,   483.49
  343.70,   597.90,   608.41
  340.89,   594.51,   733.33
  474.10,   352.64,   479.60
  471.29,   349.24,   604.52
  468.48,   345.85,   729.44
  472.78,   477.59,   482.96
  469.98,   474.19,   607.89
  467.17,   470.80,   732.81
  471.47,   602.54,   486.33
  468.66,   599.14,   611.25
  465.85,   595.74,   736.17
  223.02,   348.72,   598.12
  223.66,   348.31,   723.12
  224.29,   347.90,   848.12
  222.64,   473.72,   598.53
  223.27,   473.31,   723.53
  223.91,   472.90,   848.53
  222.26,   598.72,   598.94
  222.89,   598.31,   723.94
  223.53,   597.90,   848.94
  348.02,   349.11,   597.49
  348.66,   348.70,   722.49
  349.29,   348.29,   847.49
  347.64,   474.10,   597.90
  348.27,   473.70,   722.90
  348.91,   473.29,   847.90
  347.26,   599.10,   598.31
  347.89,   598.69,   723.31
  348.52,   598.29,   848.31
  473.02,   349.49,   596.86
  473.65,   349.08,   721.85
  474.29,   348.67,   846.85
  472.64,   474.49,   597.27
  473.27,   474.08,   722.26
  473.90,   473.67,   847.26
  472.25,   599.49,   597.68
  472.89,   599.08,   722.68
  473.52,   598.67,   847.67
  223.25,   473.55,    98.96
  219.79,   476.13,   223.89
  216.34,   478.71,   348.81
  223.45,   598.52,    96.39
  219.99,   601.10,   221.31
  216.54,   603.68,   346.24
  223.65,   723.50,    93.81
  220.20,   726.08,   218.74
  216.74,   728.65,   343.66
  348.20,   473.42,   102.42
  344.75,   476.00,   227.35
  341.29,   478.58,   352.27
  348.40,   598.39,    99.85
  344.95,   600.97,   224.77
  341.49,   603.55,   349.70
  348.60,   723.37,    97.27
  345.15,   725.95,   222.20
  341.69,   728.52,   347.12
  473.15,   473.29,   105.88
  469.70,   475.87,   230.81
  466.24,   478.45,   355.73
  473.36,   598.26,   103.31
  469.90,   600.84,   228.23
  466.44,   603.42,   353.16
  473.56,   723.24,   100.73
  470.10,   725.82,   225.66
  466.64,   728.40,   350.58
  223.40,   476.20,   225.90
  222.50,   473.84,   350.87
  221.59,   471.48,   475.85
  221.68,   601.17,   228.25
  220.78,   598.81,   353.22
  219.87,   596.45,   478.20
  219.96,   726.13,   230.59
  219.06,   723.77,   355.57
  218.16,   721.41,   480.54
  348.38,   477.90,   226.83
  347.48,   475.54,   351.81
  346.58,   473.18,   476.78
  346.67,   602.87,   229.18
  345.76,   600.51,   354.16
  344.86,   598.15,   479.13
  344.95,   727.83,   231.53
  344.04,   725.47,   356.50
  343.14,   723.11,   481.48
  473.37,   479.60,   227.77
  472.47,   477.24,   352.74
  471.56,   474.88,   477.72
  471.65,   604.57,   230.12
  470.75,   602.21,   355.09
  469.84,   599.85,   480.07
  469.93,   729.53,   232.47
  469.03,   727.17,   357.44
  468.13,   724.81,   482.41
  223.13,   473.49,   350.03
  224.99,   472.56,   475.01
  226.84,   471.62,   600.00
  221.39,   598.48,   350.99
  223.25,   597.54,   475.97
  225.10,   596.61,   600.96
  219.65,   723.46,   351.95
  221.51,   722.53,   476.93
  223.36,   721.59,   601.92
  348.11,   475.25,   348.19
  349.96,   474.31,   473.18
  351.81,   473.38,   598.16
  346.37,   600.23,   349.15
  348.22,   599.30,   474.13
  350.07,   598.36,   599.12
  344.63,   725.21,   350.11
  346.48,   724.28,   475.09
  348.33,   723.35,   600.08
  473.08,   477.00,   346.35
  474.93,   476.07,   471.34
  476.79,   475.13,   596.32
  471.34,   601.98,   347.31
  473.19,   601.05,   472.30
  475.05,   600.12,   597.28
  469.60,   726.97,   348.27
  471.45,   726.03,   473.26
  473.31,   725.10,   598.24
  225.42,   474.27,   474.45
  222.16,   473.96,   599.41
  218.90,   473.65,   724.36
  224.79,   599.27,   474.74
  221.53,   598.96,   599.70
  218.27,   598.65,   724.66
  224.16,   724.27,   475.04
  220.90,   723.96,   599.99
  217.64,   723.65,   724.95
  350.38,   474.90,   477.71
  347.12,   474.59,   602.67
  343.86,   474.28,   727.62
  349.75,   599.90,   478.00
  346.49,   599.59,   602.96
  343.23,   599.28,   727.92
  349.11,   724.89,   478.30
  345.86,   724.58,   603.25
  342.60,   724.27,   728.21
  475.33,   475.52,   480.97
  472.07,   475.21,   605.93
  468.81,   474.90,   730.88
  474.70,   600.52,   481.26
  471.44,   600.21,   606.22
  468.18,   599.90,   731.18
  474.07,   725.52,   481.56
  470.81,   725.21,   606.51
  467.55,   724.90,   731.47
  225.88,   475.67,   598.21
  225.52,   473.86,   723.20
  225.16,   472.06,   848.19
  226.98,   600.65,   600.02
  226.62,   598.85,   725.01
  226.26,   597.04,   849.99
  228.07,   725.63,   601.83
  227.71,   723.83,   726.81
  227.35,   722.02,   851.80
  350.88,   474.57,   598.56
  350.52,   472.76,   723.54
  350.16,   470.96,   848.53
  351.97,   599.55,   600.36
  351.61,   597.75,   725.35
  351.25,   595.94,   850.34
  353.07,   724.53,   602.17
  352.71,   722.73,   727.16
  352.35,   720.92,   852.14
  475.87,   473.47,   598.90
  475.51,   471.67,   723.89
  475.15,   469.86,   848.87
  476.97,   598.45,   600.71
  476.61,   596.65,   725.69
  476.25,   594.84,   850.68
  478.06,   723.43,   602.52
  477.70,   721.63,   727.50
  477.34,   719.83,   852.49
  223.90,   600.73,    98.75
  223.58,   597.08,   223.70
  223.25,   593.43,   348.64
  225.94,   725.66,   102.41
  225.62,   722.01,   227.35
  225.29,   718.36,   352.30
  227.98,   850.59,   106.06
  227.66,   846.94,   231.01
  227.33,   843.29,   355.95
  348.89,   598.68,    99.02
  348.56,   595.03,   223.97
  348.23,   591.38,   348.91
  350.93,   723.61,   102.67
  350.60,   719.96,   227.62
  350.27,   716.31,   352.57
  352.97,   848.54,   106.33
  352.64,   844.89,   231.27
  352.31,   841.24,   356.22
  473.87,   596.63,    99.29
  473.54,   592.98,   224.24
  473.21,   589.33,   349.18
  475.91,   721.56,   102.94
  475.58,   717.91,   227.89
  475.25,   714.26,   352.84
  477.95,   846.49,   106.60
  477.62,   842.84,   231.54
  477.29,   839.19,   356.49
  223.53,   598.06,   226.53
  224.34,   599.85,   351.51
  225.14,   601.64,   476.50
  225.95,   723.03,   224.72
  226.76,   724.82,   349.71
  227.57,   726.61,   474.69
  228.37,   847.99,   222.92
  229.18,   849.78,   347.90
  229.99,   851.57,   472.89
  348.50,   595.63,   225.76
  349.31,   597.42,   350.74
  350.12,   599.21,   475.73
  350.92,   720.59,   223.95
  351.73,   722.38,   348.94
  352.54,   724.17,   473.92
  353.35,   845.56,   222.15
  354.15,   847.35,   347.13
  354.96,   849.14,   472.12
  473.48,   593.20,   224.98
  474.28,   594.99,   349.97
  475.09,   596.78,   474.95
  475.90,   718.16,   223.18
  476.71,   719.95,   348.16
  477.51,   721.74,   473.15
  478.32,   843.12,   221.37
  479.13,   844.91,   346.36
  479.94,   846.70,   471.34
  226.94,   599.12,   351.52
  226.97,   596.28,   476.48
  226.99,   593.44,   601.45
  228.20,   724.08,   354.36
  228.22,   721.24,   479.32
  228.25,   718.40,   604.29
  229.45,   849.04,   357.20
  229.47,   846.20,   482.16
  229.50,   843.36,   607.13
  351.94,   597.87,   351.46
  351.96,   595.03,   476.43
  351.99,   592.18,   601.40
  353.19,   722.83,   354.30
  353.22,   719.99,   479.27
  353.24,   717.15,   604.24
  354.44,   847.79,   357.14
  354.47,   844.95,   482.11
  354.49,   842.11,   607.08
  476.93,   596.61,   351.41
  476.96,   593.77,   476.38
  476.98,   590.93,   601.34
  478.18,   721.58,   354.25
  478.21,   718.73,   479.22
  478.23,   715.89,   604.19
  479.44,   846.54,   357.09
  479.46,   843.70,   482.06
  479.49,   840.86,   607.03
  225.48,   601.72,   475.16
  222.21,   603.91,   600.10
  218.94,   606.09,   725.04
  223.74,   726.69,   472.93
  220.47,   728.87,   597.87
  217.20,   731.06,   722.81
  222.00,   851.66,   470.70
  218.73,   853.84,   595.64
  215.46,   856.03,   720.58
  350.43,   603.52,   478.40
  347.16,   605.70,   603.34
  343.89,   607.89,   728.28
  348.69,   728.49,   476.17
  345.42,   730.67,   601.11
  342.15,   732.86,   726.05
  346.94,   853.46,   473.94
  343.68,   855.64,   598.88
  340.41,   857.82,   723.82
  475.37,   605.32,   481.64
  472.10,   607.50,   606.58
  468.83,   609.69,   731.51
  473.63,   730.29,   479.41
  470.36,   732.47,   604.35
  467.09,   734.65,   729.28
  471.89,   855.25,   477.18
  468.62,   857.44,   602.12
  465.35,   859.62,   727.05
  226.96,   598.65,   599.15
  228.59,   597.18,   724.13
  230.21,   595.70,   849.12
  228.89,   723.63,   600.60
  230.52,   722.15,   725.58
  232.14,   720.68,   850.57
  230.82,   848.60,   602.05
  232.44,   847.13,   727.03
  234.07,   845.65,   852.02
  351.94,   596.74,   597.51
  353.56,   595.27,   722.49
  355.19,   593.79,   847.47
  353.87,   721.72,   598.96
  355.49,   720.24,   723.94
  357.11,   718.77,   848.92
  355.79,   846.69,   600.41
  357.42,   845.22,   725.39
  359.04,   843.74,   850.37
  476.91,   594.83,   595.86
  478.54,   593.36,   720.84
  480.16,   591.88,   845.82
  478.84,   719.81,   597.31
  480.46,   718.33,   722.29
  482.09,   716.86,   847.27
  480.77,   844.79,   598.76
  482.39,   843.31,   723.74
  484.02,   841.83,   848.72
  348.63,    98.19,   100.33
  351.71,    99.48,   225.29
  354.79,   100.77,   350.24
  345.68,   223.15,    99.12
  348.76,   224.44,   224.07
  351.84,   225.73,   349.03
  342.72,   348.11,    97.90
  345.80,   349.40,   222.86
  348.88,   350.69,   347.81
  473.56,   101.12,    97.22
  476.64,   102.41,   222.18
  479.72,   103.70,   347.13
  470.60,   226.08,    96.01
  473.68,   227.37,   220.96
  476.76,   228.65,   345.92
  467.64,   351.04,    94.80
  470.72,   352.33,   219.75
  473.80,   353.61,   344.71
  598.49,   104.05,    94.11
  601.57,   105.34,   219.07
  604.65,   106.62,   344.02
  595.53,   229.01,    92.90
  598.61,   230.30,   217.86
  601.69,   231.58,   342.81
  592.57,   353.97,    91.69
  595.65,   355.25,   216.64
  598.73,   356.54,   341.60
  350.03,    98.61,   226.64
  347.94,    97.62,   351.62
  345.86,    96.62,   476.60
  350.06,   223.61,   227.64
  347.98,   222.61,   352.61
  345.89,   221.62,   477.59
  350.10,   348.61,   228.63
  348.01,   347.61,   353.61
  345.93,   346.62,   478.59
  475.01,    98.56,   228.72
  472.92,    97.57,   353.70
  470.84,    96.57,   478.68
  475.05,   223.56,   229.72
  472.96,   222.56,   354.70
  470.87,   221.57,   479.68
  475.08,   348.55,   230.72
  473.00,   347.56,   355.69
  470.91,   346.56,   480.67
  599.99,    98.51,   230.81
  597.91,    97.51,   355.79
  595.82,    96.52,   480.77
  600.03,   223.51,   231.81
  597.94,   222.51,   356.78
  595.86,   221.52,   481.76
  600.06,   348.50,   232.80
  597.98,   347.51,   357.78
  595.89,   346.51,   482.76
  350.92,    99.98,   349.60
  353.53,   102.27,   474.55
  356.13,   104.56,   599.50
  351.69,   224.95,   347.29
  354.30,   227.24,   472.24
  356.90,   229.53,   597.19
  352.46,   349.93,   344.98
  355.07,   352.22,   469.94
  357.67,   354.51,   594.89
  475.89,    99.16,   347.01
  478.50,   101.45,   471.96
  481.10,   103.74,   596.91
  476.66,   224.14,   344.70
  479.27,   226.43,   469.65
  481.87,   228.72,   594.60
  477.43,   349.11,   342.39
  480.04,   351.40,   467.34
  482.64,   353.69,   592.30
  600.86,    98.34,   344.42
  603.47,   100.63,   469.37
  606.08,   102.92,   594.32
  601.63,   223.32,   342.11
  604.24,   225.61,   467.06
  606.84,   227.90,   592.01
  602.40,   348.30,   339.80
  605.01,   350.59,   464.75
  607.61,   352.88,   589.71
  349.46,    99.48,   474.85
  352.45,    97.75,   599.80
  355.45,    96.01,   724.75
  348.98,   224.47,   476.59
  351.97,   222.74,   601.55
  354.97,   221.00,   726.50
  348.50,   349.46,   478.34
  351.49,   347.72,   603.29
  354.49,   345.99,   728.25
  474.42,   100.01,   471.86
  477.42,    98.27,   596.81
  480.41,    96.54,   721.76
  473.94,   224.99,   473.61
  476.94,   223.26,   598.56
  479.93,   221.52,   723.51
  473.46,   349.98,   475.35
  476.46,   348.24,   600.31
  479.45,   346.51,   725.26
  599.38,   100.53,   468.87
  602.38,    98.79,   593.83
  605.37,    97.06,   718.78
  598.90,   225.51,   470.62
  601.90,   223.78,   595.57
  604.89,   222.04,   720.52
  598.42,   350.50,   472.37
  601.42,   348.77,   597.32
  604.41,   347.03,   722.27
  349.28,    99.51,   600.82
  351.79,    99.56,   725.79
  354.29,    99.61,   850.77
  352.33,   224.47,   600.71
  354.84,   224.52,   725.68
  357.34,   224.58,   850.66
  355.38,   349.43,   600.59
  357.89,   349.49,   725.57
  360.39,   349.54,   850.54
  474.22,    96.45,   598.32
  476.72,    96.51,   723.29
  479.23,    96.56,   848.27
  477.27,   221.42,   598.20
  479.77,   221.47,   723.18
  482.28,   221.52,   848.15
  480.32,   346.38,   598.09
  482.83,   346.43,   723.06
  485.33,   346.49,   848.04
  599.16,    93.40,   595.81
  601.66,    93.45,   720.79
  604.17,    93.51,   845.76
  602.21,   218.36,   595.70
  604.71,   218.42,   720.67
  607.22,   218.47,   845.65
  605.26,   343.33,   595.59
  607.76,   343.38,   720.56
  610.27,   343.43,   845.54
  348.73,   224.30,    98.30
  345.87,   220.64,   223.21
  343.01,   216.99,   348.13
  352.41,   349.19,   102.04
  349.55,   345.53,   226.95
  346.69,   341.88,   351.87
  356.09,   474.08,   105.78
  353.23,   470.42,   230.70
  350.37,   466.77,   355.61
  473.64,   220.54,   101.05
  470.78,   216.88,   225.96
  467.92,   213.22,   350.88
  477.32,   345.43,   104.79
  474.46,   341.77,   229.70
  471.60,   338.11,   354.62
  481.00,   470.32,   108.53
  478.14,   466.66,   233.45
  475.28,   463.00,   358.36
  598.55,   216.77,   103.80
  595.69,   213.11,   228.71
  592.83,   209.46,   353.63
  602.24,   341.66,   107.54
  599.38,   338.00,   232.45
  596.52,   334.35,   357.37
  605.92,   466.55,   111.28
  603.06,   462.89,   236.20
  600.20,   459.24,   361.11
  350.51,   226.87,   226.23
  349.43,   224.25,   351.19
  348.35,   221.63,   476.16
  352.10,   351.83,   228.86
  351.02,   349.21,   353.83
  349.94,   346.59,   478.80
  353.68,   476.80,   231.50
  352.60,   474.17,   356.47
  351.52,   471.55,   481.43
  475.50,   225.26,   227.27
  474.42,   222.64,   352.24
  473.34,   220.02,   477.21
  477.08,   350.23,   229.91
  476.00,   347.60,   354.88
  474.92,   344.98,   479.84
  478.67,   475.19,   232.54
  477.59,   472.57,   357.51
  476.51,   469.94,   482.48
  600.48,   223.66,   228.32
  599.40,   221.04,   353.29
  598.32,   218.41,   478.25
  602.07,   348.62,   230.95
  600.99,   346.00,   355.92
  599.91,   343.37,   480.89
  603.65,   473.58,   233.59
  602.57,   470.96,   358.56
  601.49,   468.34,   483.53
  351.40,   224.90,   350.19
  352.28,   228.00,   475.15
  353.16,   231.10,   600.11
  353.69,   349.84,   347.07
  354.56,   352.94,   472.03
  355.44,   356.04,   596.99
  355.97,   474.78,   343.96
  356.85,   477.88,   468.92
  357.73,   480.98,   593.88
  476.38,   222.59,   349.37
  477.25,   225.69,   474.33
  478.13,   228.79,   599.29
  478.66,   347.53,   346.25
  479.54,   350.63,   471.21
  480.42,   353.73,   596.17
  480.95,   472.48,   343.14
  481.83,   475.57,   468.10
  482.70,   478.67,   593.06
  601.35,   220.29,   348.55
  602.23,   223.39,   473.51
  603.11,   226.49,   598.46
  603.64,   345.23,   345.43
  604.52,   348.33,   470.39
  605.39,   351.43,   595.35
  605.92,   470.17,   342.32
  606.80,   473.27,   467.28
  607.68,   476.37,   592.24
  351.53,   225.83,   475.71
  353.95,   222.43,   600.64
  356.37,   219.03,   725.57
  353.24,   350.78,   479.08
  355.66,   347.38,   604.01
  358.07,   343.98,   728.94
  354.94,   475.72,   482.44
  357.36,   472.32,   607.37
  359.78,   468.92,   732.31
  476.50,   224.19,   473.25
  478.91,   220.79,   598.18
  481.33,   217.39,   723.11
  478.20,   349.14,   476.61
  480.62,   345.74,   601.54
  483.04,   342.34,   726.47
  479.91,   474.08,   479.98
  482.33,   470.68,   604.91
  484.74,   467.28,   729.84
  601.46,   222.55,   470.78
  603.88,   219.15,   595.71
  606.30,   215.76,   720.64
  603.17,   347.50,   474.15
  605.58,   344.10,   599.08
  608.00,   340.70,   724.01
  604.87,   472.44,   477.52
  607.29,   469.04,   602.45
  609.71,   465.64,   727.38
  351.45,   224.50,   600.92
  351.05,   221.89,   725.89
  350.65,   219.28,   850.86
  353.21,   349.46,   603.53
  352.81,   346.85,   728.51
  352.41,   344.24,   853.48
  354.96,   474.42,   606.15
  354.56,   471.81,   731.12
  354.16,   469.20,   856.10
  476.44,   222.74,   601.28
  476.04,   220.13,   726.25
  475.64,   217.51,   851.22
  478.19,   347.70,   603.90
  477.79,   345.09,   728.87
  477.39,   342.47,   853.84
  479.95,   472.66,   606.52
  479.55,   470.05,   731.49
  479.15,   467.43,   856.46
  601.42,   220.97,   601.64
  601.02,   218.36,   726.61
  600.62,   215.75,   851.59
  603.18,   345.93,   604.26
  602.78,   343.32,   729.23
  602.38,   340.71,   854.20
  604.94,   470.89,   606.88
  604.54,   468.28,   731.85
  604.14,   465.67,   856.82
  348.34,   351.10,    99.71
  348.08,   348.51,   224.68
  347.82,   345.92,   349.65
  348.17,   476.07,   102.30
  347.91,   473.48,   227.27
  347.65,   470.89,   352.24
  348.00,   601.04,   104.89
  347.74,   598.45,   229.86
  347.48,   595.86,   354.83
  473.34,   351.26,    99.97
  473.08,   348.67,   224.95
  472.82,   346.08,   349.92
  473.17,   476.23,   102.56
  472.91,   473.64,   227.54
  472.65,   471.05,   352.51
  473.00,   601.21,   105.15
  472.74,   598.62,   230.13
  472.48,   596.03,   355.10
  598.34,   351.42,   100.24
  598.08,   348.83,   225.21
  597.81,   346.24,   350.18
  598.17,   476.40,   102.83
  597.91,   473.81,   227.80
  597.65,   471.21,   352.77
  598.00,   601.37,   105.42
  597.74,   598.78,   230.39
  597.48,   596.19,   355.36
  348.41,   349.64,   223.09
  348.04,   350.64,   348.09
  347.67,   351.65,   473.08
  347.18,   474.63,   222.09
  346.81,   475.63,   347.08
  346.44,   476.64,   472.08
  345.95,   599.62,   221.08
  345.58,   600.62,   346.08
  345.21,   601.63,   471.07
  473.40,   350.87,   223.45
  473.03,   351.87,   348.45
  472.66,   352.88,   473.44
  472.18,   475.86,   222.45
  471.81,   476.86,   347.44
  471.44,   477.87,   472.44
  470.95,   600.85,   221.44
  470.58,   601.85,   346.44
  470.21,   602.86,   471.43
  598.40,   352.10,   223.81
  598.03,   353.10,   348.81
  597.66,   354.11,   473.80
  597.17,   477.09,   222.81
  596.80,   478.09,   347.80
  596.43,   479.10,   472.80
  595.94,   602.08,   221.80
  595.57,   603.08,   346.80
  595.20,   604.09,   471.79
  350.95,   351.73,   351.64
  353.00,   353.28,   476.62
  355.04,   354.82,   601.59
  349.12,   476.71,   350.13
  351.17,   478.26,   475.10
  353.21,   479.80,   600.07
  347.29,   601.69,   348.61
  349.34,   603.23,   473.58
  351.38,   604.78,   598.56
  475.92,   353.54,   349.58
  477.97,   355.08,   474.55
  480.01,   356.63,   599.53
  474.09,   478.51,   348.06
  476.14,   480.06,   473.04
  478.18,   481.61,   598.01
  472.26,   603.49,   346.55
  474.31,   605.04,   471.52
  476.35,   606.58,   596.49
  600.89,   355.34,   347.51
  602.94,   356.89,   472.49
  604.98,   358.43,   597.46
  599.06,   480.32,   346.00
  601.11,   481.87,   470.97
  603.15,   483.41,   595.95
  597.23,   605.30,   344.48
  599.28,   606.84,   469.46
  601.32,   608.39,   594.43
  351.26,   350.09,   473.28
  353.49,   353.65,   598.21
  355.71,   357.22,   723.14
  351.09,   475.04,   469.72
  353.32,   478.60,   594.65
  355.55,   482.17,   719.58
  350.93,   599.99,   466.16
  353.15,   603.55,   591.09
  355.38,   607.11,   716.02
  476.24,   350.19,   471.05
  478.47,   353.75,   595.98
  480.69,   357.32,   720.91
  476.07,   475.14,   467.49
  478.30,   478.70,   592.42
  480.53,   482.27,   717.35
  475.91,   600.09,   463.93
  478.13,   603.65,   588.86
  480.36,   607.22,   713.79
  601.22,   350.29,   468.82
  603.45,   353.86,   593.75
  605.67,   357.42,   718.68
  601.05,   475.24,   465.26
  603.28,   478.81,   590.19
  605.51,   482.37,   715.12
  600.89,   600.19,   461.70
  603.11,   603.76,   586.63
  605.34,   607.32,   711.55
  349.82,   351.34,   600.68
  346.93,   347.86,   725.60
  344.04,   344.37,   850.52
  349.30,   476.29,   604.16
  346.41,   472.81,   729.07
  343.51,   469.32,   853.99
  348.78,   601.24,   607.63
  345.88,   597.76,   732.55
  342.99,   594.27,   857.47
  474.79,   351.79,   603.59
  471.89,   348.30,   728.51
  469.00,   344.81,   853.42
  474.26,   476.74,   607.06
  471.37,   473.25,   731.98
  468.48,   469.76,   856.90
  473.74,   601.69,   610.54
  470.85,   598.20,   735.46
  467.95,   594.71,   860.37
  599.75,   352.23,   606.49
  596.86,   348.74,   731.41
  593.97,   345.26,   856.33
  599.23,   477.18,   609.97
  596.34,   473.69,   734.89
  593.44,   470.21,   859.81
  598.71,   602.13,   613.45
  595.81,   598.64,   738.36
  592.92,   595.16,   863.28
  351.12,   473.28,   100.45
  354.73,   473.75,   225.39
  358.34,   474.23,   350.34
  347.40,   598.22,   100.08
  351.01,   598.70,   225.02
  354.61,   599.17,   349.97
  343.68,   723.17,    99.71
  347.28,   723.64,   224.65
  350.89,   724.12,   349.60
  476.01,   476.99,    96.83
  479.62,   477.46,   221.77
  483.23,   477.94,   346.72
  472.29,   601.93,    96.46
  475.90,   602.41,   221.40
  479.51,   602.89,   346.35
  468.57,   726.88,    96.09
  472.18,   727.35,   221.03
  475.78,   727.83,   345.98
  600.91,   480.70,    93.20
  604.51,   481.18,   218.15
  608.12,   481.65,   343.10
  597.18,   605.64,    92.84
  600.79,   606.12,   217.78
  604.40,   606.60,   342.73
  593.46,   730.59,    92.47
  597.07,   731.06,   217.41
  600.68,   731.54,   342.36
  348.36,   474.85,   226.07
  348.71,   475.67,   351.07
  349.05,   476.49,   476.06
  349.83,   599.84,   225.25
  350.18,   600.66,   350.24
  350.52,   601.48,   475.24
  351.30,   724.83,   224.42
  351.64,   725.65,   349.42
  351.99,   726.47,   474.41
  473.35,   473.38,   225.73
  473.70,   474.20,   350.73
  474.04,   475.02,   475.73
  474.82,   598.37,   224.91
  475.17,   599.19,   349.91
  475.51,   600.01,   474.90
  476.29,   723.36,   224.09
  476.64,   724.18,   349.08
  476.98,   725.00,   474.08
  598.35,   471.91,   225.40
  598.69,   472.73,   350.40
  599.03,   473.55,   475.39
  599.81,   596.90,   224.58
  600.16,   597.72,   349.57
  600.50,   598.54,   474.57
  601.28,   721.88,   223.75
  601.63,   722.70,   348.75
  601.97,   723.52,   473.75
  349.05,   473.26,   349.53
  349.63,   473.26,   474.53
  350.20,   473.26,   599.53
  351.11,   598.24,   349.52
  351.68,   598.24,   474.52
  352.26,   598.24,   599.52
  353.17,   723.22,   349.51
  353.74,   723.22,   474.51
  354.31,   723.23,   599.51
  474.03,   471.20,   348.96
  474.61,   471.20,   473.96
  475.18,   471.20,   598.96
  476.09,   596.18,   348.95
  476.66,   596.18,   473.95
  477.24,   596.19,   598.95
  478.15,   721.16,   348.94
  478.72,   721.17,   473.94
  479.29,   721.17,   598.93
  599.02,   469.14,   348.39
  599.59,   469.14,   473.39
  600.16,   469.15,   598.39
  601.07,   594.12,   348.38
  601.65,   594.13,   473.38
  602.22,   594.13,   598.37
  603.13,   719.11,   348.36
  603.70,   719.11,   473.36
  604.28,   719.11,   598.36
  350.27,   476.61,   473.61
  346.57,   478.68,   598.53
  342.86,   480.74,   723.46
  347.15,   601.55,   471.45
  343.45,   603.62,   596.37
  339.74,   605.69,   721.30
  344.03,   726.49,   469.29
  340.33,   728.56,   594.21
  336.62,   730.63,   719.14
  475.18,   479.79,   477.26
  471.47,   481.86,   602.19
  467.77,   483.93,   727.11
  472.06,   604.73,   475.10
  468.35,   606.80,   600.03
  464.65,   608.87,   724.95
  468.94,   729.68,   472.94
  465.23,   731.74,   597.86
  461.53,   733.81,   722.79
  600.09,   482.97,   480.91
  596.38,   485.04,   605.84
  592.68,   487.11,   730.77
  596.96,   607.92,   478.75
  593.26,   609.98,   603.68
  589.55,   612.05,   728.60
  593.84,   732.86,   476.59
  590.14,   734.93,   601.52
  586.43,   736.99,   726.44
  351.05,   473.87,   598.68
  354.10,   476.99,   723.61
  357.14,   480.10,   848.53
  350.08,   598.83,   595.59
  353.12,   601.94,   720.52
  356.16,   605.06,   845.44
  349.11,   723.79,   592.50
  352.15,   726.90,   717.42
  355.19,   730.02,   842.35
  476.01,   474.77,   595.62
  479.05,   477.88,   720.54
  482.10,   481.00,   845.47
  475.04,   599.73,   592.53
  478.08,   602.84,   717.45
  481.12,   605.96,   842.38
  474.07,   724.68,   589.43
  477.11,   727.80,   714.36
  480.15,   730.91,   839.28
  600.97,   475.66,   592.56
  604.01,   478.78,   717.48
  607.05,   481.89,   842.40
  600.00,   600.62,   589.46
  603.04,   603.74,   714.39
  606.08,   606.85,   839.31
  599.03,   725.58,   586.37
  602.07,   728.70,   711.29
  605.11,   731.81,   836.22
  350.60,   598.86,   100.11
  348.27,   601.41,   225.06
  345.94,   603.97,   350.02
  348.78,   723.82,    97.52
  346.45,   726.37,   222.47
  344.12,   728.93,   347.43
  346.96,   848.78,    94.93
  344.63,   851.33,   219.89
  342.30,   853.89,   344.84
  475.56,   600.72,   102.40
  473.23,   603.28,   227.36
  470.90,   605.83,   352.31
  473.75,   725.68,    99.82
  471.41,   728.24,   224.77
  469.08,   730.79,   349.72
  471.93,   850.64,    97.23
  469.60,   853.20,   222.18
  467.27,   855.75,   347.13
  600.53,   602.59,   104.70
  598.20,   605.14,   229.65
  595.87,   607.69,   354.60
  598.71,   727.55,   102.11
  596.38,   730.10,   227.06
  594.05,   732.65,   352.01
  596.89,   852.51,    99.52
  594.56,   855.06,   224.47
  592.23,   857.61,   349.42
  350.50,   601.69,   223.72
  351.07,   603.91,   348.70
  351.64,   606.12,   473.68
  353.33,   726.64,   221.49
  353.90,   728.85,   346.47
  354.47,   731.07,   471.45
  356.16,   851.59,   219.27
  356.73,   853.80,   344.25
  357.30,   856.01,   469.23
  475.46,   598.85,   223.20
  476.03,   601.06,   348.18
  476.61,   603.28,   473.16
  478.29,   723.80,   220.97
  478.87,   726.01,   345.95
  479.44,   728.22,   470.93
  481.13,   848.75,   218.75
  481.70,   850.96,   343.73
  482.27,   853.17,   468.71
  600.43,   596.01,   222.68
  601.00,   598.22,   347.65
  601.57,   600.44,   472.63
  603.26,   720.96,   220.45
  603.83,   723.17,   345.43
  604.41,   725.38,   470.41
  606.09,   845.91,   218.23
  606.66,   848.12,   343.20
  607.24,   850.33,   468.18
  349.89,   598.27,   349.84
  349.03,   594.55,   474.78
  348.18,   590.84,   599.72
  347.42,   723.20,   353.54
  346.56,   719.48,   478.49
  345.71,   715.76,   603.43
  344.95,   848.12,   357.25
  344.09,   844.40,   482.19
  343.24,   840.68,   607.13
  474.86,   600.72,   350.77
  474.01,   597.00,   475.71
  473.15,   593.28,   600.65
  472.39,   725.64,   354.47
  471.54,   721.92,   479.42
  470.68,   718.20,   604.36
  469.92,   850.56,   358.18
  469.07,   846.84,   483.12
  468.21,   843.12,   608.06
  599.84,   603.16,   351.70
  598.98,   599.44,   476.64
  598.12,   595.72,   601.58
  597.37,   728.08,   355.40
  596.51,   724.36,   480.35
  595.65,   720.64,   605.29
  594.90,   853.00,   359.11
  594.04,   849.28,   484.05
  593.18,   845.56,   608.99
  350.03,   599.76,   474.22
  349.55,   602.37,   599.19
  349.06,   604.98,   724.16
  346.77,   724.69,   471.60
  346.28,   727.30,   596.57
  345.80,   729.91,   721.54
  343.50,   849.62,   468.98
  343.02,   852.23,   593.95
  342.53,   854.84,   718.92
  474.99,   603.04,   474.64
  474.50,   605.65,   599.61
  474.02,   608.26,   724.58
  471.72,   727.97,   472.02
  471.24,   730.58,   596.99
  470.75,   733.19,   721.96
  468.46,   852.90,   469.40
  467.97,   855.51,   594.37
  467.49,   858.12,   719.34
  599.95,   606.31,   475.05
  599.46,   608.92,   600.03
  598.97,   611.53,   725.00
  596.68,   731.24,   472.43
  596.19,   733.85,   597.41
  595.71,   736.46,   722.38
  593.41,   856.17,   469.81
  592.93,   858.78,   594.79
  592.44,   861.39,   719.76
  351.72,   600.05,   599.14
  354.91,   601.87,   724.09
  358.10,   603.69,   849.03
  351.04,   725.04,   597.34
  354.23,   726.86,   722.29
  357.43,   728.68,   847.23
  350.36,   850.02,   595.54
  353.56,   851.84,   720.48
  356.75,   853.66,   845.43
  476.68,   600.68,   595.94
  479.87,   602.50,   720.88
  483.06,   604.32,   845.83
  476.00,   725.67,   594.14
  479.19,   727.49,   719.08
  482.38,   729.31,   844.03
  475.32,   850.65,   592.34
  478.51,   852.47,   717.28
  481.71,   854.29,   842.23
  601.63,   601.31,   592.74
  604.83,   603.13,   717.68
  608.02,   604.95,   842.63
  600.96,   726.30,   590.93
  604.15,   728.12,   715.88
  607.34,   729.94,   840.83
  600.28,   851.29,   589.13
  603.47,   853.10,   714.08
  606.67,   854.92,   839.03
  475.63,    98.88,    99.37
  472.96,    98.99,   224.34
  470.29,    99.11,   349.32
  478.19,   223.85,    99.31
  475.52,   223.97,   224.28
  472.85,   224.08,   349.25
  480.75,   348.83,    99.25
  478.08,   348.94,   224.22
  475.41,   349.06,   349.19
  600.58,    96.32,   102.04
  597.91,    96.44,   227.02
  595.24,    96.55,   351.99
  603.13,   221.30,   101.98
  600.46,   221.41,   226.96
  597.79,   221.53,   351.93
  605.69,   346.27,   101.92
  603.02,   346.39,   226.89
  600.35,   346.50,   351.87
  725.52,    93.77,   104.72
  722.85,    93.88,   229.69
  720.18,    94.00,   354.66
  728.08,   218.74,   104.66
  725.41,   218.86,   229.63
  722.74,   218.97,   354.60
  730.64,   343.72,   104.60
  727.97,   343.83,   229.57
  725.30,   343.95,   354.54
  476.46,   100.60,   226.54
  477.83,    97.07,   351.48
  479.20,    93.54,   476.43
  477.95,   225.55,   230.06
  479.32,   222.01,   355.00
  480.69,   218.48,   479.94
  479.44,   350.49,   233.58
  480.81,   346.95,   358.52
  482.18,   343.42,   483.46
  601.44,    99.15,   225.13
  602.81,    95.62,   350.07
  604.18,    92.09,   475.02
  602.93,   224.10,   228.65
  604.30,   220.56,   353.59
  605.67,   217.03,   478.53
  604.42,   349.04,   232.17
  605.79,   345.50,   357.11
  607.16,   341.97,   482.05
  726.43,    97.70,   223.72
  727.80,    94.17,   348.66
  729.17,    90.64,   473.60
  727.92,   222.65,   227.24
  729.29,   219.11,   352.18
  730.66,   215.58,   477.12
  729.40,   347.59,   230.75
  730.77,   344.05,   355.70
  732.14,   340.52,   480.64
  475.38,    99.96,   348.25
  473.37,    99.22,   473.24
  471.36,    98.48,   598.22
  477.17,   224.94,   349.02
  475.16,   224.20,   474.00
  473.15,   223.46,   598.98
  478.96,   349.93,   349.79
  476.96,   349.19,   474.77
  474.95,   348.45,   599.75
  600.35,    98.15,   350.25
  598.34,    97.41,   475.23
  596.33,    96.67,   600.21
  602.14,   223.14,   351.02
  600.13,   222.40,   476.00
  598.13,   221.66,   600.98
  603.94,   348.12,   351.79
  601.93,   347.38,   476.77
  599.92,   346.64,   601.75
  725.32,    96.35,   352.25
  723.31,    95.61,   477.23
  721.30,    94.87,   602.21
  727.11,   221.33,   353.02
  725.11,   220.59,   478.00
  723.10,   219.86,   602.98
  728.91,   346.32,   353.79
  726.90,   345.58,   478.77
  724.89,   344.84,   603.75
  474.24,    99.89,   476.33
  474.58,   101.70,   601.31
  474.92,   103.50,   726.30
  473.15,   224.87,   474.52
  473.48,   226.68,   599.51
  473.82,   228.48,   724.50
  472.05,   349.86,   472.72
  472.38,   351.66,   597.71
  472.72,   353.47,   722.70
  599.24,   100.99,   475.97
  599.58,   102.79,   600.96
  599.91,   104.60,   725.95
  598.14,   225.97,   474.17
  598.48,   227.77,   599.16
  598.81,   229.58,   724.15
  597.04,   350.95,   472.37
  597.38,   352.75,   597.36
  597.72,   354.56,   722.34
  724.23,   102.08,   475.62
  724.57,   103.88,   600.61
  724.91,   105.69,   725.60
  723.14,   227.06,   473.82
  723.47,   228.87,   598.81
  723.81,   230.67,   723.79
  722.04,   352.04,   472.02
  722.37,   353.85,   597.01
  722.71,   355.65,   721.99
  474.57,    98.47,   598.80
  477.35,    95.80,   723.74
  480.12,    93.13,   848.68
  475.28,   223.44,   601.45
  478.05,   220.77,   726.39
  480.83,   218.10,   851.33
  475.99,   348.41,   604.10
  478.76,   345.74,   729.04
  481.54,   343.07,   853.98
  599.54,    97.82,   596.01
  602.31,    95.15,   720.95
  605.09,    92.48,   845.89
  600.24,   222.79,   598.66
  603.02,   220.12,   723.60
  605.80,   217.45,   848.54
  600.95,   347.76,   601.31
  603.73,   345.09,   726.25
  606.51,   342.42,   851.19
  724.50,    97.17,   593.21
  727.28,    94.50,   718.16
  730.06,    91.84,   843.10
  725.21,   222.14,   595.87
  727.99,   219.47,   720.81
  730.77,   216.81,   845.75
  725.92,   347.11,   598.52
  728.70,   344.44,   723.46
  731.47,   341.78,   848.40
  473.94,   224.77,    99.40
  474.69,   223.21,   224.39
  475.43,   221.66,   349.38
  477.26,   349.72,   100.94
  478.00,   348.16,   225.93
  478.75,   346.61,   350.91
  480.57,   474.66,   102.47
  481.32,   473.11,   227.46
  482.06,   471.55,   352.45
  598.89,   221.46,    98.62
  599.64,   219.91,   223.61
  600.38,   218.35,   348.59
  602.21,   346.41,   100.15
  602.95,   344.86,   225.14
  603.70,   343.30,   350.13
  605.52,   471.36,   101.69
  606.27,   469.80,   226.67
  607.01,   468.25,   351.66
  723.85,   218.16,    97.83
  724.59,   216.60,   222.82
  725.34,   215.05,   347.81
  727.16,   343.10,    99.37
  727.91,   341.55,   224.35
  728.65,   339.99,   349.34
  730.48,   468.05,   100.90
  731.22,   466.50,   225.89
  731.97,   464.94,   350.88
  476.22,   226.93,   225.08
  476.10,   224.69,   350.06
  475.99,   222.45,   475.04
  478.64,   351.89,   227.33
  478.53,   349.65,   352.31
  478.41,   347.41,   477.29
  481.07,   476.85,   229.57
  480.95,   474.60,   354.55
  480.84,   472.36,   479.53
  601.20,   224.51,   225.16
  601.08,   222.27,   350.14
  600.97,   220.02,   475.12
  603.62,   349.46,   227.40
  603.50,   347.22,   352.38
  603.39,   344.98,   477.36
  606.04,   474.42,   229.64
  605.93,   472.18,   354.62
  605.81,   469.94,   479.60
  726.17,   222.08,   225.23
  726.06,   219.84,   350.21
  725.94,   217.60,   475.19
  728.60,   347.04,   227.47
  728.48,   344.80,   352.45
  728.37,   342.56,   477.43
  731.02,   472.00,   229.71
  730.90,   469.75,   354.69
  730.79,   467.51,   479.67
  473.35,   224.32,   350.98
  475.17,   226.26,   475.95
  477.00,   228.20,   600.92
  472.39,   349.30,   349.05
  474.22,   351.24,   474.02
  476.04,   353.18,   598.99
  471.44,   474.29,   347.13
  473.26,   476.22,   472.10
  475.08,   478.16,   597.07
  598.34,   225.25,   349.14
  600.16,   227.19,   474.11
  601.98,   229.13,   599.08
  597.38,   350.23,   347.21
  599.20,   352.17,   472.19
  601.02,   354.11,   597.16
  596.42,   475.21,   345.29
  598.24,   477.15,   470.26
  600.06,   479.09,   595.23
  723.32,   226.18,   347.30
  725.14,   228.12,   472.27
  726.96,   230.06,   597.25
  722.36,   351.16,   345.38
  724.18,   353.10,   470.35
  726.01,   355.04,   595.32
  721.40,   476.14,   343.45
  723.22,   478.08,   468.42
  725.05,   480.02,   593.39
  473.37,   225.02,   473.18
  472.20,   228.13,   598.14
  471.04,   231.24,   723.09
  471.90,   349.97,   470.06
  470.73,   353.08,   595.01
  469.56,   356.19,   719.97
  470.42,   474.92,   466.93
  469.26,   478.03,   591.89
  468.09,   481.15,   716.84
  598.36,   226.52,   474.31
  597.19,   229.63,   599.27
  596.02,   232.74,   724.22
  596.88,   351.47,   471.19
  595.72,   354.58,   596.14
  594.55,   357.70,   721.10
  595.41,   476.42,   468.06
  594.24,   479.54,   593.02
  593.08,   482.65,   717.97
  723.34,   228.02,   475.44
  722.18,   231.13,   600.40
  721.01,   234.25,   725.35
  721.87,   352.97,   472.32
  720.70,   356.09,   597.27
  719.54,   359.20,   722.23
  720.40,   477.93,   469.19
  719.23,   481.04,   594.15
  718.06,   484.15,   719.10
  476.46,   224.11,   600.23
  477.96,   224.69,   725.22
  479.46,   225.26,   850.21
  474.86,   349.10,   599.67
  476.35,   349.68,   724.66
  477.85,   350.25,   849.65
  473.25,   474.09,   599.12
  474.74,   474.66,   724.11
  476.24,   475.24,   849.10
  601.44,   225.72,   598.72
  602.94,   226.29,   723.71
  604.44,   226.86,   848.70
  599.84,   350.70,   598.17
  601.33,   351.28,   723.16
  602.83,   351.85,   848.15
  598.23,   475.69,   597.62
  599.72,   476.27,   722.61
  601.22,   476.84,   847.60
  726.43,   227.32,   597.22
  727.92,   227.89,   722.21
  729.42,   228.46,   847.20
  724.82,   352.31,   596.67
  726.31,   352.88,   721.66
  727.81,   353.45,   846.65
  723.21,   477.30,   596.11
  724.70,   477.87,   721.10
  726.20,   478.44,   846.09
  476.83,   351.16,    98.14
  479.00,   347.80,   223.07
  481.17,   344.44,   348.01
  475.58,   476.11,   101.52
  477.75,   472.75,   226.46
  479.92,   469.39,   351.39
  474.33,   601.06,   104.90
  476.50,   597.70,   229.84
  478.67,   594.34,   354.77
  601.81,   352.47,    96.00
  603.98,   349.11,   220.94
  606.15,   345.75,   345.87
  600.56,   477.42,    99.38
  602.73,   474.06,   224.32
  604.90,   470.70,   349.26
  599.31,   602.37,   102.77
  601.48,   599.01,   227.70
  603.65,   595.64,   352.64
  726.78,   353.78,    93.87
  728.95,   350.42,   218.80
  731.12,   347.06,   343.74
  725.53,   478.73,    97.25
  727.70,   475.37,   222.19
  729.87,   472.00,   347.12
  724.28,   603.67,   100.63
  726.45,   600.31,   225.57
  728.62,   596.95,   350.50
  473.37,   351.49,   223.18
  472.72,   348.89,   348.15
  472.08,   346.29,   473.12
  471.53,   476.45,   225.77
  470.89,   473.85,   350.74
  470.25,   471.25,   475.71
  469.70,   601.41,   228.36
  469.06,   598.81,   353.33
  468.42,   596.21,   478.30
  598.35,   353.30,   223.86
  597.71,   350.70,   348.83
  597.06,   348.10,   473.80
  596.52,   478.26,   226.45
  595.88,   475.66,   351.42
  595.23,   473.06,   476.39
  594.69,   603.22,   229.04
  594.04,   600.62,   354.01
  593.40,   598.02,   478.98
  723.34,   355.12,   224.54
  722.69,   352.52,   349.51
  722.05,   349.92,   474.49
  721.50,   480.08,   227.13
  720.86,   477.48,   352.10
  720.22,   474.88,   477.08
  719.67,   605.04,   229.72
  719.03,   602.44,   354.69
  718.39,   599.84,   479.67
  474.21,   351.86,   348.16
  474.94,   352.30,   473.16
  475.68,   352.74,   598.15
  474.71,   476.86,   347.72
  475.45,   477.30,   472.72
  476.19,   477.74,   597.71
  475.22,   601.86,   347.28
  475.96,   602.30,   472.27
  476.70,   602.74,   597.27
  599.20,   351.35,   347.42
  599.94,   351.79,   472.42
  600.68,   352.23,   597.42
  599.71,   476.35,   346.98
  600.45,   476.79,   471.98
  601.19,   477.23,   596.98
  600.22,   601.35,   346.54
  600.96,   601.79,   471.54
  601.70,   602.23,   596.53
  724.20,   350.84,   346.69
  724.94,   351.28,   471.68
  725.68,   351.72,   596.68
  724.71,   475.84,   346.25
  725.45,   476.28,   471.24
  726.18,   476.72,   596.24
  725.22,   600.84,   345.80
  725.95,   601.28,   470.80
  726.69,   601.72,   595.80
  476.53,   351.32,   473.01
  475.83,   348.73,   597.98
  475.12,   346.15,   722.95
  477.84,   476.29,   475.60
  477.13,   473.70,   600.57
  476.43,   471.11,   725.54
  479.14,   601.25,   478.20
  478.44,   598.66,   603.17
  477.74,   596.08,   728.14
  601.52,   350.00,   473.68
  600.82,   347.41,   598.65
  600.12,   344.82,   723.62
  602.83,   474.96,   476.28
  602.13,   472.38,   601.25
  601.42,   469.79,   726.22
  604.13,   599.93,   478.87
  603.43,   597.34,   603.84
  602.73,   594.76,   728.81
  726.51,   348.68,   474.36
  725.81,   346.09,   599.33
  725.11,   343.50,   724.30
  727.82,   473.64,   476.95
  727.12,   471.05,   601.92
  726.41,   468.47,   726.89
  729.13,   598.61,   479.54
  728.42,   596.02,   604.52
  727.72,   593.43,   729.49
  473.44,   350.57,   599.77
  476.19,   352.80,   724.72
  478.94,   355.02,   849.67
  475.18,   475.54,   597.50
  477.93,   477.77,   722.45
  480.68,   479.99,   847.40
  476.92,   600.51,   595.24
  479.67,   602.73,   720.19
  482.42,   604.96,   845.14
  598.39,   348.78,   597.05
  601.15,   351.01,   721.99
  603.90,   353.24,   846.94
  600.13,   473.75,   594.78
  602.89,   475.98,   719.73
  605.64,   478.20,   844.68
  601.87,   598.72,   592.52
  604.63,   600.94,   717.47
  607.38,   603.17,   842.42
  723.35,   346.99,   594.32
  726.10,   349.22,   719.27
  728.86,   351.45,   844.22
  725.09,   471.96,   592.06
  727.84,   474.19,   717.01
  730.60,   476.41,   841.96
  726.83,   596.93,   589.80
  729.58,   599.16,   714.75
  732.34,   601.38,   839.70
  476.72,   474.60,   100.57
  473.53,   474.79,   225.53
  470.34,   474.98,   350.48
  476.68,   599.60,   100.37
  473.49,   599.79,   225.33
  470.29,   599.98,   350.29
  476.63,   724.60,   100.18
  473.44,   724.79,   225.14
  470.25,   724.98,   350.10
  601.68,   474.65,   103.76
  598.49,   474.84,   228.72
  595.30,   475.03,   353.68
  601.64,   599.65,   103.57
  598.44,   599.84,   228.53
  595.25,   600.03,   353.48
  601.59,   724.65,   103.37
  598.40,   724.84,   228.33
  595.20,   725.03,   353.29
  726.64,   474.70,   106.95
  723.45,   474.89,   231.91
  720.26,   475.09,   356.87
  726.60,   599.70,   106.76
  723.40,   599.89,   231.72
  720.21,   600.09,   356.68
  726.55,   724.70,   106.57
  723.36,   724.89,   231.53
  720.16,   725.09,   356.49
  475.32,   473.05,   225.34
  472.53,   472.19,   350.30
  469.75,   471.33,   475.27
  473.80,   598.04,   226.16
  471.02,   597.18,   351.13
  468.23,   596.32,   476.10
  472.28,   723.03,   226.99
  469.50,   722.17,   351.96
  466.71,   721.31,   476.92
  600.28,   474.55,   228.13
  597.49,   473.69,   353.09
  594.71,   472.83,   478.06
  598.76,   599.54,   228.96
  595.97,   598.68,   353.92
  593.19,   597.82,   478.89
  597.24,   724.53,   229.78
  594.46,   723.67,   354.75
  591.67,   722.81,   479.72
  725.24,   476.05,   230.92
  722.45,   475.19,   355.89
  719.67,   474.33,   480.85
  723.72,   601.04,   231.75
  720.93,   600.18,   356.71
  718.15,   599.32,   481.68
  722.20,   726.03,   232.57
  719.42,   725.17,   357.54
  716.63,   724.31,   482.51
  476.75,   473.03,   350.03
  474.01,   475.09,   474.98
  471.26,   477.14,   599.93
  477.59,   598.01,   347.99
  474.84,   600.07,   472.94
  472.09,   602.12,   597.90
  478.42,   722.99,   345.95
  475.67,   725.05,   470.90
  472.93,   727.10,   595.86
  601.72,   472.25,   352.79
  598.98,   474.30,   477.74
  596.23,   476.36,   602.69
  602.55,   597.23,   350.75
  599.81,   599.28,   475.70
  597.06,   601.34,   600.66
  603.39,   722.21,   348.71
  600.64,   724.26,   473.66
  597.89,   726.32,   598.62
  726.69,   471.46,   355.55
  723.94,   473.51,   480.50
  721.20,   475.57,   605.45
  727.52,   596.44,   353.51
  724.77,   598.49,   478.46
  722.03,   600.55,   603.41
  728.35,   721.42,   351.47
  725.61,   723.48,   476.42
  722.86,   725.53,   601.38
  473.69,   475.52,   476.41
  475.27,   477.48,   601.39
  476.84,   479.44,   726.36
  475.23,   600.49,   474.43
  476.81,   602.45,   599.40
  478.38,   604.42,   724.38
  476.77,   725.47,   472.45
  478.35,   727.43,   597.42
  479.92,   729.39,   722.40
  598.67,   473.95,   474.86
  600.25,   475.91,   599.83
  601.82,   477.88,   724.81
  600.21,   598.93,   472.88
  601.79,   600.89,   597.85
  603.36,   602.85,   722.83
  601.75,   723.90,   470.90
  603.33,   725.86,   595.87
  604.90,   727.83,   720.85
  723.65,   472.39,   473.31
  725.23,   474.35,   598.28
  726.80,   476.31,   723.26
  725.19,   597.36,   471.33
  726.77,   599.32,   596.30
  728.34,   601.29,   721.28
  726.73,   722.34,   469.35
  728.31,   724.30,   594.32
  729.89,   726.26,   719.30
  476.98,   473.81,   600.49
  473.99,   474.20,   725.46
  471.00,   474.59,   850.42
  480.16,   598.77,   600.18
  477.18,   599.16,   725.14
  474.19,   599.55,   850.11
  483.35,   723.73,   599.87
  480.36,   724.12,   724.83
  477.38,   724.51,   849.79
  601.90,   470.63,   603.49
  598.91,   471.02,   728.45
  595.93,   471.41,   853.42
  605.09,   595.59,   603.17
  602.10,   595.98,   728.14
  599.11,   596.37,   853.10
  608.27,   720.55,   602.86
  605.29,   720.94,   727.82
  602.30,   721.33,   852.79
  726.82,   467.45,   606.48
  723.84,   467.84,   731.45
  720.85,   468.23,   856.41
  730.01,   592.41,   606.17
  727.02,   592.80,   731.13
  724.04,   593.19,   856.10
  733.20,   717.37,   605.86
  730.21,   717.76,   730.82
  727.23,   718.15,   855.78
  476.85,   599.01,   101.10
  476.12,   602.66,   226.04
  475.39,   606.31,   350.99
  480.04,   723.92,    97.47
  479.31,   727.57,   222.41
  478.58,   731.21,   347.36
  483.23,   848.82,    93.84
  482.50,   852.47,   218.79
  481.77,   856.12,   343.73
  601.81,   595.84,   101.92
  601.08,   599.49,   226.87
  600.35,   603.14,   351.81
  605.00,   720.75,    98.29
  604.27,   724.40,   223.24
  603.53,   728.05,   348.18
  608.19,   845.66,    94.67
  607.46,   849.31,   219.61
  606.72,   852.95,   344.56
  726.77,   592.68,   102.75
  726.03,   596.33,   227.69
  725.30,   599.97,   352.63
  729.96,   717.59,    99.12
  729.22,   721.23,   224.06
  728.49,   724.88,   349.01
  733.14,   842.49,    95.49
  732.41,   846.14,   220.44
  731.68,   849.79,   345.38
  475.85,   598.91,   226.59
  476.48,   597.77,   351.58
  477.11,   596.62,   476.57
  477.80,   723.89,   227.72
  478.43,   722.74,   352.72
  479.07,   721.60,   477.71
  479.76,   848.87,   228.86
  480.39,   847.72,   353.85
  481.02,   846.58,   478.85
  600.83,   596.96,   225.94
  601.46,   595.81,   350.93
  602.09,   594.67,   475.92
  602.79,   721.94,   227.07
  603.42,   720.79,   352.07
  604.05,   719.65,   477.06
  604.74,   846.92,   228.21
  605.37,   845.77,   353.20
  606.01,   844.63,   478.20
  725.81,   595.01,   225.29
  726.44,   593.86,   350.28
  727.07,   592.72,   475.28
  727.77,   719.99,   226.42
  728.40,   718.84,   351.42
  729.03,   717.70,   476.41
  729.73,   844.97,   227.56
  730.36,   843.82,   352.55
  730.99,   842.68,   477.55
  476.90,   599.74,   351.20
  476.72,   600.06,   476.20
  476.54,   600.38,   601.20
  480.10,   724.70,   350.89
  479.92,   725.02,   475.89
  479.74,   725.34,   600.89
  483.29,   849.66,   350.57
  483.11,   849.98,   475.57
  482.93,   850.30,   600.57
  601.86,   596.54,   351.39
  601.68,   596.87,   476.39
  601.50,   597.19,   601.39
  605.05,   721.50,   351.08
  604.87,   721.82,   476.08
  604.69,   722.15,   601.07
  608.25,   846.46,   350.76
  608.07,   846.78,   475.76
  607.89,   847.10,   600.76
  726.82,   593.35,   351.58
  726.64,   593.67,   476.58
  726.46,   593.99,   601.58
  730.01,   718.31,   351.26
  729.83,   718.63,   476.26
  729.65,   718.95,   601.26
  733.21,   843.27,   350.95
  733.03,   843.59,   475.95
  732.85,   843.91,   600.95
  474.05,   598.44,   476.49
  473.30,   599.19,   601.49
  472.54,   599.94,   726.49
  477.35,   723.40,   475.77
  476.59,   724.15,   600.76
  475.84,   724.89,   725.76
  480.64,   848.35,   475.04
  479.89,   849.10,   600.03
  479.14,   849.85,   725.03
  599.01,   595.15,   477.27
  598.25,   595.90,   602.26
  597.50,   596.65,   727.26
  602.30,   720.11,   476.54
  601.55,   720.86,   601.53
  600.79,   721.60,   726.53
  605.60,   845.06,   475.81
  604.84,   845.81,   600.81
  604.09,   846.56,   725.80
  723.96,   591.86,   478.04
  723.21,   592.61,   603.04
  722.45,   593.36,   728.03
  727.26,   716.82,   477.31
  726.50,   717.56,   602.31
  725.75,   718.31,   727.30
  730.55,   841.77,   476.58
  729.80,   842.52,   601.58
  729.04,   843.27,   726.58
  474.73,   598.44,   598.29
  473.74,   597.78,   723.29
  472.75,   597.13,   848.28
  476.54,   723.43,   598.96
  475.56,   722.77,   723.96
  474.57,   722.11,   848.95
  478.36,   848.41,   599.64
  477.37,   847.75,   724.63
  476.39,   847.10,   849.63
  599.71,   596.62,   599.27
  598.72,   595.96,   724.27
  597.73,   595.30,   849.26
  601.53,   721.60,   599.94
  600.54,   720.95,   724.94
  599.55,   720.29,   849.93
  603.35,   846.59,   600.62
  602.36,   845.93,   725.61
  601.37,   845.27,   850.60
  724.69,   594.79,   600.25
  723.70,   594.14,   725.24
  722.71,   593.48,   850.24
  726.51,   719.78,   600.92
  725.52,   719.12,   725.92
  724.53,   718.46,   850.91
  728.33,   844.76,   601.60
  727.34,   844.11,   726.59
  726.35,   843.45,   851.58
  599.99,   100.01,    98.46
  602.63,    96.92,   223.39
  605.27,    93.82,   348.33
  602.97,   224.94,   101.49
  605.61,   221.85,   226.42
  608.25,   218.75,   351.36
  605.94,   349.87,   104.52
  608.58,   346.77,   229.45
  611.22,   343.68,   354.39
  724.93,    97.10,    95.75
  727.57,    94.01,   220.68
  730.21,    90.91,   345.62
  727.91,   222.03,    98.78
  730.54,   218.94,   223.71
  733.18,   215.84,   348.65
  730.88,   346.96,   101.81
  733.52,   343.86,   226.74
  736.16,   340.77,   351.68
  849.87,    94.19,    93.04
  852.51,    91.10,   217.97
  855.14,    88.01,   342.90
  852.84,   219.12,    96.07
  855.48,   216.03,   221.00
  858.12,   212.93,   345.94
  855.82,   344.05,    99.10
  858.46,   340.96,   224.03
  861.09,   337.86,   348.97
  598.33,   100.09,   225.81
  599.89,   100.83,   350.79
  601.45,   101.57,   475.78
  594.70,   225.04,   225.11
  596.26,   225.77,   350.10
  597.82,   226.51,   475.09
  591.07,   349.98,   224.42
  592.63,   350.72,   349.41
  594.19,   351.46,   474.40
  723.27,   103.72,   224.22
  724.83,   104.45,   349.21
  726.39,   105.19,   474.20
  719.64,   228.66,   223.53
  721.20,   229.40,   348.52
  722.76,   230.14,   473.51
  716.00,   353.61,   222.84
  717.57,   354.34,   347.83
  719.13,   355.08,   472.82
  848.21,   107.34,   222.64
  849.77,   108.08,   347.63
  851.33,   108.81,   472.62
  844.57,   232.29,   221.95
  846.14,   233.02,   346.94
  847.70,   233.76,   471.93
  840.94,   357.23,   221.26
  842.50,   357.97,   346.25
  844.06,   358.70,   471.24
  600.40,   101.17,   351.17
  598.72,   104.67,   476.11
  597.04,   108.16,   601.05
  597.36,   226.08,   347.63
  595.68,   229.58,   472.57
  593.99,   233.08,   597.51
  594.31,   350.99,   344.09
  592.63,   354.49,   469.03
  590.95,   357.99,   593.97
  725.35,   104.26,   352.76
  723.67,   107.76,   477.70
  721.99,   111.25,   602.64
  722.31,   229.17,   349.22
  720.63,   232.67,   474.16
  718.95,   236.17,   599.10
  719.26,   354.08,   345.69
  717.58,   357.58,   470.63
  715.90,   361.08,   595.57
  850.30,   107.35,   354.36
  848.62,   110.85,   479.30
  846.94,   114.34,   604.24
  847.26,   232.26,   350.82
  845.58,   235.76,   475.76
  843.90,   239.26,   600.70
  844.22,   357.17,   347.28
  842.53,   360.67,   472.22
  840.85,   364.17,   597.16
  598.86,    99.58,   473.34
  602.59,    98.28,   598.28
  606.31,    96.99,   723.22
  601.56,   224.54,   474.55
  605.29,   223.25,   599.49
  609.01,   221.96,   724.43
  604.26,   349.51,   475.76
  607.98,   348.21,   600.70
  611.71,   346.92,   725.64
  723.78,    96.91,   469.59
  727.50,    95.62,   594.53
  731.22,    94.33,   719.47
  726.48,   221.88,   470.81
  730.20,   220.59,   595.74
  733.92,   219.30,   720.68
  729.18,   346.84,   472.02
  732.90,   345.55,   596.96
  736.62,   344.26,   721.89
  848.70,    94.25,   465.85
  852.42,    92.96,   590.78
  856.14,    91.67,   715.72
  851.40,   219.22,   467.06
  855.12,   217.93,   592.00
  858.84,   216.63,   716.93
  854.10,   344.18,   468.27
  857.82,   342.89,   593.21
  861.54,   341.60,   718.15
  599.66,   101.40,   601.29
  597.29,   103.15,   726.26
  594.92,   104.91,   851.22
  596.67,   226.35,   599.48
  594.30,   228.11,   724.44
  591.92,   229.86,   849.41
  593.68,   351.30,   597.67
  591.31,   353.06,   722.63
  588.93,   354.81,   847.60
  724.60,   104.42,   603.62
  722.23,   106.18,   728.58
  719.86,   107.93,   853.55
  721.61,   229.37,   601.81
  719.24,   231.13,   726.77
  716.87,   232.89,   851.74
  718.62,   354.33,   600.00
  716.25,   356.08,   724.96
  713.88,   357.84,   849.93
  849.54,   107.45,   605.95
  847.17,   109.20,   730.91
  844.80,   110.96,   855.88
  846.55,   232.40,   604.14
  844.18,   234.15,   729.10
  841.81,   235.91,   854.07
  843.56,   357.35,   602.32
  841.19,   359.11,   727.29
  838.82,   360.86,   852.25
  600.28,   223.59,    99.68
  600.52,   227.03,   224.63
  600.77,   230.48,   349.59
  600.34,   348.54,    96.24
  600.59,   351.99,   221.19
  600.83,   355.43,   346.14
  600.41,   473.49,    92.79
  600.65,   476.94,   217.75
  600.90,   480.38,   342.70
  725.28,   223.52,    99.44
  725.52,   226.96,   224.39
  725.77,   230.40,   349.34
  725.34,   348.47,    95.99
  725.59,   351.91,   220.95
  725.83,   355.36,   345.90
  725.41,   473.42,    92.55
  725.65,   476.87,   217.50
  725.90,   480.31,   342.46
  850.28,   223.45,    99.20
  850.52,   226.89,   224.15
  850.77,   230.33,   349.10
  850.34,   348.40,    95.75
  850.59,   351.84,   220.70
  850.83,   355.29,   345.66
  850.41,   473.35,    92.31
  850.65,   476.79,   217.26
  850.90,   480.24,   342.21
  600.30,   226.44,   226.49
  598.31,   230.06,   351.43
  596.33,   233.67,   476.36
  601.15,   351.39,   222.89
  599.17,   355.00,   347.83
  597.19,   358.62,   472.76
  602.01,   476.33,   219.29
  600.03,   479.95,   344.22
  598.05,   483.56,   469.16
  725.28,   225.64,   228.50
  723.29,   229.26,   353.43
  721.31,   232.87,   478.37
  726.14,   350.59,   224.90
  724.15,   354.20,   349.83
  722.17,   357.82,   474.76
  727.00,   475.53,   221.30
  725.01,   479.15,   346.23
  723.03,   482.76,   471.16
  850.26,   224.84,   230.51
  848.28,   228.45,   355.44
  846.29,   232.07,   480.37
  851.12,   349.78,   226.91
  849.13,   353.40,   351.84
  847.15,   357.01,   476.77
  851.98,   474.73,   223.31
  849.99,   478.34,   348.24
  848.01,   481.96,   473.17
  600.21,   223.46,   348.17
  603.02,   225.50,   473.12
  605.83,   227.54,   598.08
  603.65,   348.39,   346.05
  606.46,   350.43,   471.01
  609.27,   352.47,   595.96
  607.09,   473.33,   343.93
  609.90,   475.37,   468.89
  612.70,   477.41,   593.84
  725.14,   219.97,   345.42
  727.94,   222.01,   470.38
  730.75,   224.06,   595.33
  728.57,   344.91,   343.30
  731.38,   346.95,   468.26
  734.19,   348.99,   593.21
  732.01,   469.84,   341.19
  734.82,   471.88,   466.14
  737.62,   473.93,   591.09
  850.06,   216.49,   342.67
  852.86,   218.53,   467.63
  855.67,   220.57,   592.58
  853.49,   341.42,   340.56
  856.30,   343.47,   465.51
  859.11,   345.51,   590.46
  856.93,   466.36,   338.44
  859.74,   468.40,   463.39
  862.55,   470.44,   588.34
  601.21,   226.30,   475.73
  598.86,   223.29,   600.67
  596.51,   220.28,   725.61
  600.90,   351.27,   478.73
  598.55,   348.25,   603.68
  596.20,   345.24,   728.62
  600.59,   476.23,   481.74
  598.24,   473.22,   606.68
  595.89,   470.21,   731.62
  726.18,   226.55,   478.08
  723.84,   223.54,   603.02
  721.49,   220.53,   727.96
  725.88,   351.52,   481.09
  723.53,   348.51,   606.03
  721.18,   345.49,   730.97
  725.57,   476.48,   484.09
  723.22,   473.47,   609.04
  720.87,   470.46,   733.98
  851.16,   226.81,   480.44
  848.81,   223.79,   605.38
  846.47,   220.78,   730.32
  850.85,   351.77,   483.44
  848.51,   348.76,   608.38
  846.16,   345.75,   733.33
  850.54,   476.73,   486.45
  848.20,   473.72,   611.39
  845.85,   470.71,   736.33
  599.38,   225.64,   599.94
  599.20,   227.61,   724.92
  599.02,   229.58,   849.91
  602.68,   350.58,   597.97
  602.51,   352.55,   722.96
  602.33,   354.53,   847.94
  605.99,   475.52,   596.01
  605.81,   477.49,   720.99
  605.64,   479.47,   845.98
  724.33,   222.34,   600.17
  724.16,   224.31,   725.15
  723.98,   226.28,   850.14
  727.64,   347.28,   598.20
  727.46,   349.25,   723.19
  727.29,   351.22,   848.17
  730.94,   472.22,   596.24
  730.77,   474.19,   721.22
  730.59,   476.16,   846.20
  849.29,   219.04,   600.40
  849.11,   221.01,   725.38
  848.94,   222.98,   850.36
  852.59,   343.98,   598.43
  852.42,   345.95,   723.41
  852.24,   347.92,   848.40
  855.90,   468.92,   596.46
  855.72,   470.89,   721.45
  855.55,   472.86,   846.43
  600.27,   350.94,   100.04
  599.97,   350.00,   225.04
  599.68,   349.05,   350.04
  602.47,   475.91,   100.99
  602.18,   474.97,   225.99
  601.88,   474.03,   350.98
  604.67,   600.89,   101.94
  604.38,   599.95,   226.93
  604.09,   599.01,   351.93
  725.25,   348.73,   100.32
  724.95,   347.79,   225.32
  724.66,   346.85,   350.31
  727.45,   473.71,   101.27
  727.16,   472.77,   226.26
  726.86,   471.83,   351.26
  729.65,   598.69,   102.21
  729.36,   597.74,   227.21
  729.07,   596.80,   352.21
  850.23,   346.53,   100.60
  849.93,   345.58,   225.59
  849.64,   344.64,   350.59
  852.43,   471.50,   101.54
  852.14,   470.56,   226.54
  851.84,   469.62,   351.54
  854.63,   596.48,   102.49
  854.34,   595.54,   227.49
  854.05,   594.60,   352.48
  600.22,   350.00,   224.92
  597.55,   348.65,   349.89
  594.88,   347.30,   474.85
  599.74,   474.99,   226.26
  597.08,   473.64,   351.22
  594.41,   472.30,   476.19
  599.27,   599.98,   227.59
  596.60,   598.63,   352.56
  593.93,   597.29,   477.52
  725.19,   350.44,   227.59
  722.52,   349.10,   352.56
  719.85,   347.75,   477.52
  724.71,   475.43,   228.93
  722.05,   474.09,   353.89
  719.38,   472.74,   478.86
  724.24,   600.43,   230.26
  721.57,   599.08,   355.23
  718.90,   597.73,   480.19
  850.16,   350.89,   230.27
  847.49,   349.54,   355.23
  844.82,   348.20,   480.19
  849.68,   475.88,   231.60
  847.02,   474.53,   356.57
  844.35,   473.19,   481.53
  849.21,   600.87,   232.94
  846.54,   599.53,   357.90
  843.87,   598.18,   482.87
  601.72,   348.42,   349.24
  598.95,   349.98,   474.20
  596.19,   351.53,   599.16
  604.13,   473.39,   347.73
  601.36,   474.95,   472.69
  598.60,   476.50,   597.65
  606.54,   598.36,   346.23
  603.78,   599.91,   471.19
  601.01,   601.47,   596.15
  726.66,   346.05,   352.03
  723.90,   347.60,   476.99
  721.14,   349.16,   601.95
  729.07,   471.01,   350.53
  726.31,   472.57,   475.49
  723.55,   474.12,   600.45
  731.48,   595.98,   349.02
  728.72,   597.54,   473.98
  725.96,   599.09,   598.94
  851.61,   343.67,   354.82
  848.85,   345.22,   479.78
  846.08,   346.78,   604.74
  854.02,   468.64,   353.32
  851.26,   470.19,   478.28
  848.49,   471.75,   603.24
  856.43,   593.60,   351.82
  853.67,   595.16,   476.78
  850.91,   596.72,   601.74
  598.95,   350.94,   473.59
  596.31,   349.85,   598.56
  593.66,   348.76,   723.53
  598.99,   475.93,   474.68
  596.34,   474.84,   599.65
  593.70,   473.76,   724.62
  599.03,   600.93,   475.77
  596.38,   599.84,   600.74
  593.74,   598.75,   725.70
  723.93,   350.88,   476.24
  721.28,   349.79,   601.21
  718.63,   348.70,   726.17
  723.96,   475.87,   477.33
  721.32,   474.78,   602.29
  718.67,   473.70,   727.26
  724.00,   600.87,   478.41
  721.35,   599.78,   603.38
  718.71,   598.69,   728.35
  848.90,   350.82,   478.89
  846.25,   349.73,   603.85
  843.61,   348.64,   728.82
  848.93,   475.81,   479.97
  846.29,   474.72,   604.94
  843.64,   473.64,   729.91
  848.97,   600.81,   481.06
  846.33,   599.72,   606.03
  843.68,   598.63,   730.99
  601.14,   351.85,   599.92
  598.27,   351.91,   724.89
  595.40,   351.97,   849.85
  603.32,   476.83,   599.91
  600.44,   476.89,   724.88
  597.57,   476.95,   849.85
  605.49,   601.81,   599.90
  602.62,   601.87,   724.87
  599.75,   601.93,   849.84
  726.09,   349.68,   602.79
  723.22,   349.73,   727.76
  720.34,   349.79,   852.73
  728.27,   474.66,   602.79
  725.39,   474.72,   727.75
  722.52,   474.77,   852.72
  730.44,   599.64,   602.78
  727.57,   599.70,   727.75
  724.69,   599.75,   852.71
  851.04,   347.50,   605.67
  848.17,   347.56,   730.63
  845.29,   347.62,   855.60
  853.21,   472.48,   605.66
  850.34,   472.54,   730.63
  847.47,   472.60,   855.59
  855.39,   597.47,   605.65
  852.52,   597.52,   730.62
  849.64,   597.58,   855.59
  601.17,   473.87,   101.35
  604.77,   474.95,   226.30
  608.36,   476.03,   351.24
  604.64,   598.81,   100.18
  608.23,   599.89,   225.12
  611.83,   600.97,   350.06
  608.10,   723.76,    99.00
  611.70,   724.84,   223.94
  615.29,   725.92,   348.88
  726.07,   470.37,    97.79
  729.67,   471.45,   222.74
  733.26,   472.53,   347.68
  729.54,   595.32,    96.61
  733.13,   596.40,   221.56
  736.73,   597.47,   346.50
  733.00,   720.26,    95.43
  736.60,   721.34,   220.38
  740.19,   722.42,   345.32
  850.97,   466.87,    94.23
  854.57,   467.95,   219.17
  858.16,   469.03,   344.12
  854.44,   591.82,    93.05
  858.03,   592.90,   217.99
  861.63,   593.98,   342.94
  857.90,   716.77,    91.87
  861.50,   717.84,   216.81
  865.09,   718.92,   341.76
  600.02,   476.96,   224.37
  603.26,   479.98,   349.29
  606.50,   483.00,   474.21
  599.52,   601.92,   221.36
  602.76,   604.94,   346.28
  606.00,   607.96,   471.21
  599.02,   726.89,   218.36
  602.26,   729.90,   343.28
  605.50,   732.92,   468.20
  724.98,   477.38,   221.12
  728.22,   480.40,   346.04
  731.46,   483.42,   470.96
  724.48,   602.34,   218.11
  727.72,   605.36,   343.03
  730.96,   608.38,   467.95
  723.98,   727.31,   215.10
  727.22,   730.33,   340.03
  730.46,   733.34,   464.95
  849.93,   477.80,   217.87
  853.17,   480.82,   342.79
  856.41,   483.84,   467.71
  849.44,   602.76,   214.86
  852.68,   605.78,   339.78
  855.92,   608.80,   464.70
  848.94,   727.73,   211.85
  852.18,   730.75,   336.78
  855.42,   733.77,   461.70
  599.56,   476.88,   348.26
  601.81,   476.59,   473.24
  604.07,   476.30,   598.22
  596.08,   601.83,   348.62
  598.34,   601.54,   473.60
  600.59,   601.25,   598.58
  592.60,   726.78,   348.97
  594.86,   726.49,   473.95
  597.12,   726.20,   598.93
  724.49,   480.36,   346.02
  726.74,   480.07,   471.00
  729.00,   479.78,   595.97
  721.01,   605.32,   346.37
  723.27,   605.02,   471.35
  725.52,   604.73,   596.33
  717.53,   730.27,   346.73
  719.79,   729.98,   471.70
  722.05,   729.68,   596.68
  849.42,   483.85,   343.77
  851.67,   483.56,   468.75
  853.93,   483.26,   593.73
  845.94,   608.80,   344.12
  848.20,   608.51,   469.10
  850.45,   608.22,   594.08
  842.46,   733.75,   344.48
  844.72,   733.46,   469.46
  846.98,   733.17,   594.44
  601.51,   474.39,   476.74
  599.63,   475.40,   601.72
  597.76,   476.41,   726.71
  605.21,   599.34,   475.79
  603.33,   600.34,   600.77
  601.46,   601.35,   725.75
  608.91,   724.28,   474.84
  607.03,   725.29,   599.82
  605.16,   726.29,   724.80
  726.44,   470.71,   478.65
  724.56,   471.72,   603.63
  722.69,   472.73,   728.61
  730.14,   595.65,   477.69
  728.26,   596.66,   602.68
  726.39,   597.67,   727.66
  733.84,   720.59,   476.74
  731.96,   721.60,   601.72
  730.09,   722.61,   726.70
  851.37,   467.02,   480.55
  849.49,   468.03,   605.53
  847.62,   469.04,   730.51
  855.07,   591.96,   479.60
  853.19,   592.97,   604.58
  851.32,   593.98,   729.56
  858.77,   716.90,   478.64
  856.90,   717.91,   603.63
  855.02,   718.92,   728.61
  600.94,   474.98,   601.99
  604.69,   473.06,   726.91
  608.44,   471.15,   851.84
  598.39,   599.94,   603.98
  602.14,   598.02,   728.91
  605.90,   596.10,   853.84
  595.84,   724.90,   605.97
  599.59,   722.98,   730.90
  603.35,   721.06,   855.83
  725.85,   477.59,   598.27
  729.61,   475.67,   723.20
  733.36,   473.75,   848.13
  723.31,   602.55,   600.27
  727.06,   600.63,   725.19
  730.81,   598.71,   850.12
  720.76,   727.50,   602.26
  724.51,   725.59,   727.19
  728.27,   723.67,   852.12
  850.77,   480.19,   594.56
  854.53,   478.28,   719.49
  858.28,   476.36,   844.42
  848.22,   605.15,   596.55
  851.98,   603.24,   721.48
  855.73,   601.32,   846.41
  845.68,   730.11,   598.55
  849.43,   728.19,   723.48
  853.18,   726.28,   848.40
  598.70,   598.43,    99.19
  596.95,   595.08,   224.14
  595.20,   591.72,   349.08
  601.04,   723.36,   102.58
  599.29,   720.01,   227.52
  597.54,   716.66,   352.46
  603.38,   848.30,   105.97
  601.63,   844.94,   230.91
  599.88,   841.59,   355.85
  723.66,   596.04,   100.88
  721.91,   592.69,   225.82
  720.16,   589.34,   350.76
  726.00,   720.98,   104.27
  724.25,   717.62,   229.21
  722.50,   714.27,   354.15
  728.35,   845.91,   107.65
  726.60,   842.55,   232.59
  724.85,   839.20,   357.54
  848.63,   593.65,   102.57
  846.88,   590.30,   227.51
  845.13,   586.95,   352.45
  850.97,   718.59,   105.95
  849.22,   715.23,   230.89
  847.47,   711.88,   355.84
  853.31,   843.52,   109.34
  851.56,   840.17,   234.28
  849.81,   836.81,   359.22
  601.18,   601.29,   225.90
  597.50,   598.15,   350.81
  593.81,   595.02,   475.71
  600.01,   726.24,   229.00
  596.33,   723.11,   353.91
  592.64,   719.97,   478.81
  598.85,   851.20,   232.10
  595.16,   848.06,   357.01
  591.48,   844.93,   481.92
  726.12,   602.36,   229.61
  722.44,   599.23,   354.52
  718.75,   596.09,   479.43
  724.95,   727.32,   232.72
  721.27,   724.18,   357.62
  717.58,   721.05,   482.53
  723.79,   852.27,   235.82
  720.10,   849.14,   360.72
  716.42,   846.00,   485.63
  851.06,   603.44,   233.33
  847.38,   600.30,   358.24
  843.69,   597.17,   483.14
  849.90,   728.39,   236.43
  846.21,   725.26,   361.34
  842.52,   722.12,   486.24
  848.73,   853.35,   239.53
  845.04,   850.21,   364.44
  841.36,   847.08,   489.34
  599.02,   598.19,   350.56
  600.84,   596.43,   475.53
  602.66,   594.66,   600.50
  595.46,   723.13,   352.37
  597.28,   721.36,   477.35
  599.10,   719.60,   602.32
  591.90,   848.06,   354.19
  593.72,   846.30,   479.16
  595.54,   844.53,   604.14
  723.95,   601.78,   348.79
  725.77,   600.01,   473.76
  727.59,   598.25,   598.74
  720.39,   726.71,   350.60
  722.21,   724.95,   475.58
  724.03,   723.18,   600.55
  716.84,   851.65,   352.42
  718.66,   849.88,   477.40
  720.47,   848.12,   602.37
  848.89,   605.36,   347.02
  850.71,   603.60,   471.99
  852.53,   601.83,   596.97
  845.33,   730.30,   348.84
  847.15,   728.53,   473.81
  848.97,   726.77,   598.79
  841.77,   855.23,   350.65
  843.59,   853.47,   475.63
  845.41,   851.70,   600.60
  598.16,   599.08,   476.88
  598.37,   598.61,   601.87
  598.58,   598.14,   726.87
  599.74,   724.07,   477.34
  599.95,   723.60,   602.34
  600.16,   723.13,   727.34
  601.32,   849.06,   477.81
  601.53,   848.59,   602.81
  601.74,   848.12,   727.81
  723.15,   597.50,   476.66
  723.36,   597.03,   601.66
  723.57,   596.56,   726.66
  724.73,   722.49,   477.13
  724.94,   722.02,   602.13
  725.15,   721.55,   727.13
  726.31,   847.48,   477.60
  726.52,   847.01,   602.59
  726.73,   846.54,   727.59
  848.14,   595.92,   476.45
  848.35,   595.45,   601.45
  848.56,   594.98,   726.45
  849.72,   720.91,   476.91
  849.93,   720.44,   601.91
  850.14,   719.97,   726.91
  851.30,   845.90,   477.38
  851.51,   845.43,   602.38
  851.72,   844.96,   727.38
  598.82,   600.42,   601.82
  596.24,   599.87,   726.79
  593.66,   599.32,   851.76
  601.94,   725.38,   602.43
  599.35,   724.83,   727.41
  596.77,   724.28,   852.38
  605.05,   850.34,   603.05
  602.47,   849.79,   728.02
  599.89,   849.24,   853.00
  723.76,   597.30,   604.38
  721.17,   596.74,   729.36
  718.59,   596.19,   854.33
  726.87,   722.26,   605.00
  724.29,   721.70,   729.97
  721.71,   721.15,   854.95
  729.99,   847.22,   605.62
  727.40,   846.66,   730.59
  724.82,   846.11,   855.56
  848.69,   594.17,   606.95
  846.11,   593.62,   731.92
  843.53,   593.06,   856.90
  851.81,   719.13,   607.57
  849.22,   718.58,   732.54
  846.64,   718.02,   857.51
  854.92,   844.09,   608.19
  852.34,   843.54,   733.16
  849.76,   842.98,   858.13
