27, 125, pa2-debug-b-output1.txt
  192.03,   206.86,   198.43
  401.44,   391.56,   192.44
   99.26,   101.72,   102.08
   96.79,   103.62,   227.01
   94.57,   107.24,   352.13
   97.71,   226.50,    99.56
   95.12,   228.76,   223.70
   93.27,   231.84,   349.27
   95.51,   350.95,    96.65
   93.32,   353.66,   221.23
   91.01,   356.58,   345.99
  223.78,   103.14,   103.64
  221.44,   105.95,   229.27
  219.43,   108.93,   354.30
  222.29,   228.37,   101.54
  219.78,   230.53,   226.71
  218.51,   233.47,   351.57
  220.86,   353.24,    98.01
  218.48,   355.76,   223.77
  215.98,   358.95,   348.11
  349.45,   105.12,   106.61
  346.46,   107.99,   231.13
  344.82,   110.26,   356.39
  347.55,   229.63,   103.55
  345.43,   232.33,   227.89
  343.45,   235.04,   353.08
  345.66,   354.37,   100.57
  343.97,   357.07,   225.66
  341.28,   359.89,   350.55
  100.15,    98.99,   223.35
   98.08,   102.33,   349.09
   95.92,   106.19,   473.33
   98.14,   224.64,   220.04
   96.84,   228.17,   345.56
   94.12,   231.31,   470.28
   97.61,   349.41,   217.16
   95.29,   352.31,   342.35
   93.59,   356.01,   467.29
  224.69,   100.43,   225.96
  223.19,   104.36,   350.44
  221.04,   107.85,   475.23
  223.79,   225.79,   222.45
  221.43,   229.45,   347.26
  220.00,   232.63,   472.25
  221.97,   351.16,   219.16
  219.97,   353.89,   344.23
  217.91,   357.78,   468.59
  349.89,   102.17,   227.08
  347.33,   105.70,   352.04
  345.56,   109.18,   477.02
  348.60,   227.26,   223.62
  346.38,   230.05,   348.79
  344.75,   233.86,   473.54
  347.47,   351.68,   220.45
  345.04,   354.99,   345.14
  343.01,   358.52,   470.63
  100.08,   101.81,   349.51
  100.09,   103.08,   474.70
   99.72,   104.40,   599.33
  102.91,   226.45,   348.83
  102.60,   227.60,   473.60
  102.87,   229.07,   597.83
  104.44,   352.07,   346.86
  105.09,   352.57,   472.65
  104.63,   353.68,   597.32
  224.96,    99.11,   349.22
  225.37,   100.88,   474.83
  225.43,   101.52,   599.95
  227.37,   224.46,   348.70
  227.67,   225.84,   473.38
  227.32,   226.55,   598.47
  230.30,   348.98,   347.33
  229.99,   350.10,   471.89
  230.39,   351.88,   597.65
  350.02,    97.16,   349.69
  350.15,    98.12,   474.68
  349.97,    99.45,   599.04
  352.52,   222.04,   348.02
  352.17,   223.14,   473.82
  352.73,   224.14,   598.24
  354.39,   346.74,   347.45
  354.93,   348.34,   472.02
  355.21,   349.06,   596.78
  101.75,   100.70,   474.14
  101.28,    97.24,   599.55
  100.66,    93.23,   723.99
   99.47,   226.24,   478.31
   98.87,   222.51,   603.31
   98.20,   218.69,   728.19
   96.96,   350.35,   481.62
   96.35,   347.29,   606.88
   96.75,   343.04,   731.81
  226.24,   103.35,   474.91
  225.68,    99.16,   599.62
  225.25,    95.48,   724.51
  224.61,   227.91,   478.37
  223.70,   223.85,   603.70
  223.13,   220.57,   728.06
  222.12,   352.57,   482.49
  221.78,   349.32,   607.52
  220.84,   345.21,   732.63
  351.64,   105.46,   475.61
  350.96,   100.88,   600.06
  350.00,    98.10,   725.85
  349.37,   229.83,   478.74
  349.36,   226.48,   604.24
  347.94,   222.25,   729.13
  347.38,   355.10,   483.23
  347.15,   351.64,   607.98
  346.17,   347.31,   732.51
   98.95,    98.33,   600.77
  101.95,    95.30,   726.43
  106.24,    91.91,   850.51
   99.08,   223.69,   604.27
  102.74,   220.27,   728.94
  106.88,   216.58,   854.17
   99.90,   348.06,   607.61
  103.65,   344.72,   732.64
  107.58,   342.07,   856.97
  224.22,    97.54,   597.87
  227.40,    94.38,   722.12
  230.91,    90.81,   846.90
  224.61,   222.97,   601.15
  227.98,   219.01,   725.65
  231.53,   216.38,   850.93
  225.17,   347.15,   604.36
  228.76,   344.36,   729.28
  232.78,   340.58,   853.79
  348.90,    96.63,   593.52
  351.93,    93.30,   719.24
  355.95,    90.76,   843.96
  349.52,   221.72,   597.15
  352.82,   218.97,   722.30
  356.77,   215.14,   847.41
  350.40,   346.90,   600.40
  354.02,   343.51,   725.22
  357.04,   340.28,   850.63
   98.01,   224.62,    99.95
   98.39,   226.80,   224.28
   97.25,   229.71,   349.74
  100.05,   349.37,    97.40
   99.88,   352.24,   221.49
   99.73,   354.45,   346.77
  101.94,   474.51,    93.76
  101.61,   477.20,   218.74
  100.99,   479.28,   344.04
  223.38,   222.56,    99.90
  222.50,   225.66,   224.83
  222.05,   227.60,   350.58
  225.29,   347.71,    97.52
  224.67,   349.77,   222.54
  224.02,   352.69,   347.44
  227.04,   472.64,    94.25
  226.97,   475.51,   219.63
  226.57,   477.68,   344.59
  348.51,   220.32,   100.54
  348.37,   223.81,   225.51
  347.05,   226.36,   350.81
  350.04,   345.70,    97.67
  349.48,   348.70,   222.76
  349.71,   351.02,   347.64
  351.95,   470.65,    94.68
  351.63,   473.19,   219.58
  350.83,   476.33,   345.07
  100.48,   223.24,   226.77
  101.26,   220.60,   351.70
  102.39,   217.50,   476.78
   99.68,   348.39,   229.98
  101.40,   345.80,   354.23
  102.72,   342.59,   479.78
  100.08,   473.43,   232.88
  101.25,   470.76,   357.87
  102.26,   467.76,   482.83
  224.62,   223.61,   225.45
  226.10,   220.78,   350.70
  227.39,   217.98,   476.07
  224.70,   348.84,   228.32
  226.27,   345.23,   353.07
  227.33,   342.84,   478.81
  225.09,   473.56,   231.78
  226.07,   470.50,   356.35
  227.02,   468.09,   481.06
  350.00,   223.18,   224.27
  351.47,   220.14,   349.14
  352.60,   217.25,   474.56
  350.04,   348.00,   227.72
  351.70,   345.62,   352.63
  352.77,   342.41,   477.22
  350.01,   472.82,   230.13
  350.79,   470.81,   354.90
  352.72,   468.05,   480.55
  102.17,   224.52,   349.43
  103.81,   227.96,   474.39
  105.55,   232.15,   598.95
  103.05,   349.67,   345.43
  105.17,   353.35,   470.70
  106.59,   356.88,   595.44
  103.52,   474.83,   342.28
  105.35,   478.54,   467.18
  107.39,   481.74,   592.48
  226.95,   223.92,   347.38
  228.95,   227.59,   472.68
  230.79,   230.83,   597.46
  227.65,   348.86,   343.62
  229.61,   352.44,   468.37
  231.56,   355.56,   593.87
  228.57,   473.66,   340.32
  231.07,   477.37,   465.53
  232.55,   480.65,   589.98
  352.17,   223.30,   345.15
  353.54,   226.54,   470.27
  355.96,   229.69,   595.53
  352.33,   347.98,   341.66
  355.01,   351.83,   466.27
  357.10,   354.71,   591.91
  353.76,   473.12,   337.90
  355.33,   476.24,   463.62
  357.82,   479.75,   587.90
  100.52,   224.82,   474.52
  104.59,   222.69,   599.50
  108.20,   219.99,   724.00
  102.16,   349.16,   477.10
  105.84,   347.17,   601.60
  109.42,   345.50,   726.99
  102.97,   474.49,   478.53
  107.47,   471.94,   603.32
  110.44,   470.27,   728.57
  226.01,   223.18,   470.71
  229.72,   221.22,   595.30
  233.51,   218.73,   720.51
  226.52,   347.89,   472.90
  230.66,   346.14,   598.05
  234.57,   344.14,   722.47
  228.27,   473.60,   475.00
  231.72,   471.17,   599.68
  235.81,   468.86,   724.87
  350.61,   221.64,   467.44
  354.66,   219.68,   592.44
  358.18,   217.62,   717.52
  351.97,   346.72,   469.40
  355.16,   345.24,   594.29
  359.77,   343.15,   719.60
  352.88,   472.13,   470.94
  356.84,   469.98,   596.02
  360.82,   467.38,   721.03
  102.27,   226.33,   601.00
  104.03,   230.16,   725.62
  105.68,   234.14,   850.87
   98.42,   351.75,   597.25
  100.12,   355.76,   721.96
  102.36,   359.22,   847.76
   95.37,   476.87,   594.37
   96.96,   480.42,   718.35
   98.72,   483.48,   843.59
  226.63,   229.89,   598.81
  228.40,   233.30,   724.55
  230.29,   236.84,   848.73
  223.29,   354.82,   595.26
  225.82,   358.32,   720.52
  227.38,   361.65,   845.53
  220.32,   479.77,   592.45
  222.19,   483.00,   716.76
  224.50,   486.63,   842.28
  352.26,   233.38,   597.57
  354.15,   236.40,   722.00
  355.81,   240.76,   847.31
  348.63,   357.85,   593.71
  350.37,   361.33,   719.03
  351.83,   365.29,   843.80
  345.69,   483.19,   590.24
  346.96,   486.95,   715.43
  349.23,   490.40,   839.93
   99.75,   349.48,    98.52
   97.96,   351.78,   223.98
   96.30,   353.71,   349.21
   96.20,   475.15,    97.47
   94.35,   477.11,   222.27
   92.74,   478.50,   347.02
   91.87,   599.71,    95.59
   90.79,   601.35,   219.76
   89.25,   603.28,   345.23
  224.18,   353.36,    99.98
  223.19,   355.37,   225.45
  221.74,   356.92,   349.82
  221.17,   478.25,    98.26
  219.41,   480.13,   223.12
  217.96,   482.39,   348.08
  216.95,   603.28,    96.83
  216.21,   605.65,   221.69
  214.52,   607.03,   346.39
  349.63,   357.43,   101.33
  348.36,   358.55,   226.96
  346.52,   361.20,   351.22
  346.03,   481.68,    99.39
  344.05,   484.24,   224.84
  342.69,   485.32,   350.20
  342.00,   606.82,    97.62
  340.99,   609.14,   223.35
  339.26,   610.40,   348.34
  101.42,   350.79,   224.88
  102.70,   348.04,   350.17
  103.33,   345.15,   475.36
  102.87,   475.60,   228.50
  103.30,   473.22,   352.80
  104.23,   470.10,   477.88
  103.20,   600.40,   230.59
  104.11,   598.06,   356.22
  105.10,   594.78,   480.61
  226.96,   349.94,   224.52
  228.16,   347.33,   349.56
  228.32,   344.49,   474.01
  227.21,   475.35,   227.00
  228.46,   472.53,   352.51
  228.93,   469.91,   476.67
  227.92,   600.37,   230.35
  228.71,   597.43,   354.81
  229.64,   594.64,   480.21
  351.45,   349.83,   223.63
  352.37,   346.41,   348.48
  354.21,   344.15,   473.40
  352.74,   474.40,   226.24
  353.38,   471.48,   351.25
  354.06,   468.59,   475.91
  353.51,   600.06,   229.14
  354.33,   596.79,   354.44
  355.45,   594.12,   479.17
   98.84,   349.03,   348.19
  102.68,   347.75,   473.58
  106.50,   346.83,   598.48
   97.35,   474.80,   349.56
  101.29,   472.50,   475.24
  105.06,   471.83,   599.39
   95.94,   599.84,   351.81
  100.26,   598.18,   476.38
  103.63,   596.47,   601.23
  223.91,   350.34,   344.41
  227.91,   349.04,   469.54
  230.59,   347.45,   594.32
  222.61,   475.32,   346.65
  226.61,   474.57,   471.22
  229.52,   473.16,   595.84
  221.12,   600.58,   347.79
  224.72,   598.88,   472.84
  228.91,   597.66,   597.56
  348.55,   351.95,   341.65
  352.28,   350.18,   466.49
  355.93,   348.73,   591.24
  348.02,   477.18,   342.53
  351.12,   475.96,   467.82
  354.59,   473.90,   592.44
  345.89,   601.90,   344.47
  350.05,   600.50,   469.10
  353.51,   599.19,   594.37
  101.13,   350.63,   474.24
  101.16,   353.94,   598.98
  100.53,   357.19,   723.38
   99.14,   474.71,   470.61
   98.62,   478.86,   594.85
   97.46,   482.49,   720.37
   96.03,   600.54,   466.34
   95.23,   603.70,   591.14
   94.74,   607.68,   716.69
  226.25,   352.64,   474.19
  226.18,   356.26,   599.12
  225.37,   360.42,   723.79
  223.81,   478.03,   471.05
  222.76,   481.94,   595.48
  222.49,   485.24,   720.47
  220.77,   602.82,   467.19
  220.79,   606.14,   591.95
  219.66,   610.51,   717.16
  351.25,   356.25,   475.32
  351.14,   358.96,   599.50
  350.22,   363.24,   724.87
  348.58,   480.36,   471.36
  347.65,   484.70,   596.23
  347.91,   488.36,   721.21
  345.73,   606.00,   467.67
  344.89,   608.83,   592.35
  344.41,   612.41,   717.51
  100.16,   350.85,   601.10
  102.10,   349.43,   725.68
  103.92,   348.77,   851.18
   98.53,   475.20,   601.65
  101.13,   475.08,   726.54
  103.29,   473.56,   851.50
   98.28,   600.64,   602.81
  100.17,   599.35,   727.31
  102.10,   598.82,   852.74
  224.40,   351.25,   599.45
  226.55,   350.55,   723.48
  228.96,   349.92,   848.59
  223.81,   476.22,   600.03
  226.12,   475.82,   725.27
  227.85,   474.85,   850.25
  223.17,   601.29,   601.04
  224.89,   599.94,   725.89
  227.17,   599.65,   850.31
  349.91,   352.35,   596.89
  351.47,   351.50,   721.66
  353.90,   350.75,   846.57
  348.93,   477.06,   597.66
  351.32,   476.70,   722.40
  353.10,   475.26,   847.60
  347.83,   601.76,   598.59
  350.60,   600.83,   723.24
  352.87,   600.27,   848.05
  101.85,   474.43,    99.35
  104.73,   473.69,   224.13
  107.74,   471.94,   349.61
  103.61,   599.53,   101.13
  106.66,   598.26,   225.27
  109.29,   596.82,   350.38
  105.41,   724.41,   101.88
  108.35,   723.37,   226.90
  111.11,   722.16,   351.84
  225.96,   473.42,    95.96
  229.76,   471.55,   221.10
  233.04,   470.25,   345.57
  228.49,   597.49,    97.84
  231.28,   596.40,   222.72
  234.84,   594.96,   347.05
  230.55,   722.62,    98.93
  232.95,   721.95,   223.67
  236.81,   719.85,   348.73
  351.71,   470.87,    92.48
  354.69,   470.10,   218.39
  357.42,   468.13,   342.47
  352.94,   596.31,    94.15
  356.20,   595.03,   219.51
  359.89,   592.94,   343.84
  355.40,   721.58,    95.90
  358.41,   719.49,   220.46
  360.87,   718.10,   345.86
   99.02,   473.87,   225.55
   98.53,   473.51,   350.60
   97.68,   473.65,   475.15
   99.08,   599.33,   226.21
   98.33,   598.61,   350.82
   97.33,   598.89,   475.55
   98.51,   724.35,   226.55
   98.33,   723.97,   351.12
   96.79,   723.60,   476.63
  224.17,   474.08,   225.96
  223.60,   473.87,   351.58
  221.91,   473.68,   476.16
  224.16,   599.76,   226.76
  223.29,   598.78,   351.53
  222.39,   599.08,   476.49
  223.62,   724.20,   226.85
  222.82,   724.47,   351.64
  221.96,   723.90,   477.52
  349.43,   474.48,   226.98
  347.78,   474.11,   352.28
  347.19,   473.69,   477.04
  348.67,   599.27,   227.42
  348.03,   599.10,   352.25
  347.51,   598.20,   477.28
  348.28,   724.51,   228.09
  347.76,   724.23,   352.51
  347.40,   723.40,   478.46
   98.03,   476.16,   349.64
   95.30,   474.93,   473.83
   92.54,   472.54,   599.66
  101.22,   600.93,   351.05
   97.70,   599.32,   476.09
   95.23,   598.02,   600.64
  103.74,   725.46,   352.70
  100.52,   724.46,   477.51
   98.21,   722.36,   602.06
  222.85,   473.62,   352.66
  220.57,   471.52,   477.50
  217.23,   469.96,   601.80
  225.95,   598.01,   353.57
  223.34,   596.29,   478.69
  220.09,   595.13,   604.16
  228.61,   723.51,   355.13
  225.90,   721.69,   480.27
  222.31,   720.48,   605.35
  348.37,   470.91,   355.24
  345.30,   469.48,   480.30
  341.88,   467.17,   604.55
  350.62,   596.05,   356.86
  347.91,   594.37,   481.92
  345.36,   592.09,   606.61
  353.24,   720.88,   358.42
  350.14,   718.78,   483.37
  348.02,   717.35,   608.68
   98.60,   475.90,   475.83
   99.16,   475.71,   600.86
   98.96,   475.76,   726.15
  100.83,   601.59,   476.48
  100.98,   601.08,   601.52
  100.66,   600.22,   726.69
  102.04,   726.46,   476.32
  102.19,   725.31,   601.72
  102.46,   725.05,   726.91
  223.89,   474.53,   475.61
  223.45,   473.89,   601.33
  223.42,   473.92,   725.63
  225.43,   598.88,   476.37
  225.76,   599.24,   601.62
  225.79,   599.04,   726.45
  227.19,   724.69,   476.90
  227.66,   723.60,   601.77
  227.35,   723.24,   726.53
  349.32,   472.52,   475.89
  348.93,   471.80,   601.11
  349.32,   472.11,   725.91
  350.55,   597.86,   476.33
  351.05,   597.59,   601.25
  350.25,   597.24,   726.23
  352.34,   722.27,   477.21
  352.75,   722.52,   601.52
  352.56,   721.51,   726.64
  101.33,   474.17,   601.22
   98.60,   475.84,   726.38
   95.15,   476.74,   851.50
  101.94,   598.69,   599.72
   98.14,   600.12,   724.68
   95.18,   602.25,   849.31
  101.40,   724.01,   597.66
   98.94,   725.14,   722.94
   95.11,   727.30,   847.54
  226.86,   473.47,   604.66
  222.76,   475.55,   729.02
  220.50,   477.33,   854.58
  227.07,   598.44,   602.95
  222.94,   600.24,   727.63
  220.32,   601.81,   852.81
  226.89,   723.74,   601.08
  223.31,   725.29,   726.39
  220.80,   727.01,   851.53
  350.96,   473.68,   607.31
  348.48,   475.01,   732.54
  345.39,   476.83,   858.01
  351.23,   598.24,   606.46
  348.58,   600.58,   731.22
  345.57,   601.83,   855.88
  351.53,   723.20,   604.10
  348.29,   725.60,   729.37
  345.66,   726.41,   853.99
   98.92,   601.82,   100.49
  102.05,   604.50,   224.88
  105.16,   608.33,   349.82
   95.63,   725.98,    97.42
   98.57,   729.30,   221.62
  101.38,   733.45,   346.65
   92.27,   851.35,    94.05
   94.26,   854.60,   218.18
   97.70,   858.54,   344.08
  224.12,   605.47,    97.47
  226.64,   608.76,   222.30
  229.63,   611.77,   347.83
  220.62,   729.64,    94.27
  223.68,   733.78,   219.22
  225.70,   736.36,   344.24
  216.96,   855.18,    91.24
  219.30,   858.08,   215.92
  222.12,   861.91,   341.29
  349.50,   608.47,    94.85
  351.66,   612.43,   220.18
  354.14,   615.52,   344.62
  345.68,   733.23,    91.39
  348.47,   737.44,   216.22
  350.64,   740.92,   341.80
  341.69,   858.30,    88.56
  344.82,   862.31,   212.93
  347.15,   865.73,   338.15
   99.43,   598.59,   225.07
   98.84,   602.06,   350.06
   98.79,   604.58,   475.44
   98.61,   723.06,   221.90
   97.99,   727.06,   347.11
   97.67,   729.47,   472.08
   97.43,   848.42,   219.07
   97.46,   851.42,   344.07
   97.62,   854.89,   468.75
  224.29,   599.68,   225.28
  224.03,   602.22,   350.40
  223.74,   605.20,   475.15
  223.67,   724.44,   222.83
  223.04,   727.92,   347.99
  223.16,   730.44,   472.07
  222.14,   848.95,   219.94
  222.26,   852.07,   344.60
  222.22,   855.48,   469.10
  348.81,   600.34,   226.22
  348.47,   603.38,   350.66
  348.79,   605.91,   475.79
  348.55,   725.35,   223.27
  347.79,   727.92,   347.54
  348.41,   730.81,   472.56
  347.30,   850.47,   219.41
  347.87,   853.13,   345.08
  347.32,   856.41,   469.74
   99.04,   601.56,   350.75
   96.24,   601.35,   475.23
   92.63,   601.02,   600.73
  101.50,   726.68,   351.15
   98.70,   726.66,   476.03
   95.03,   726.71,   601.05
  104.45,   851.87,   350.59
  101.52,   851.62,   475.46
   97.36,   851.78,   600.93
  224.35,   598.70,   353.97
  220.56,   598.91,   479.15
  217.40,   598.35,   603.57
  226.76,   723.60,   354.32
  223.23,   723.90,   479.28
  219.75,   724.18,   604.50
  229.93,   848.71,   354.38
  226.16,   849.26,   479.81
  222.16,   848.80,   604.45
  349.58,   596.84,   357.32
  345.35,   596.74,   482.50
  342.28,   596.44,   607.13
  351.61,   721.78,   357.96
  347.87,   721.46,   482.94
  344.88,   721.48,   607.49
  354.45,   846.32,   358.21
  351.33,   846.00,   482.70
  347.49,   846.17,   607.86
  100.72,   601.73,   476.93
  103.55,   602.43,   601.76
  106.30,   603.29,   726.40
   97.54,   726.71,   475.45
  101.27,   726.99,   600.85
  104.35,   728.64,   725.92
   95.22,   851.65,   474.61
   98.73,   852.25,   599.72
  101.93,   853.64,   725.05
  225.30,   603.65,   473.99
  228.51,   605.00,   599.06
  231.17,   606.24,   724.01
  222.67,   729.20,   472.59
  225.45,   730.06,   597.58
  228.90,   731.04,   722.49
  219.82,   853.84,   471.87
  223.64,   855.27,   596.51
  226.92,   855.68,   721.32
  349.82,   606.30,   470.93
  352.89,   607.80,   595.12
  356.81,   607.98,   720.13
  347.35,   731.40,   470.12
  350.45,   732.25,   595.10
  354.06,   733.63,   719.85
  345.46,   856.61,   468.79
  348.65,   857.42,   593.96
  351.07,   858.24,   718.73
  101.05,   599.94,   600.00
  103.56,   602.39,   725.68
  105.35,   603.94,   849.96
   98.15,   725.13,   598.38
  100.23,   726.97,   723.18
  102.36,   728.33,   849.05
   94.60,   850.30,   597.20
   97.13,   852.05,   722.05
   99.33,   853.55,   846.51
  225.66,   603.55,   598.01
  228.41,   604.60,   723.34
  230.02,   606.76,   848.53
  223.27,   727.84,   596.68
  224.70,   729.72,   721.91
  227.32,   731.65,   846.58
  219.46,   853.37,   595.45
  221.69,   855.22,   719.72
  223.81,   856.94,   844.59
  350.49,   606.02,   596.15
  353.16,   607.49,   721.39
  354.94,   610.09,   846.17
  347.66,   731.63,   594.59
  350.40,   732.95,   719.80
  351.95,   734.13,   844.13
  344.97,   856.35,   592.41
  346.79,   857.81,   717.55
  348.74,   859.66,   842.50
  225.81,    97.70,   101.17
  229.21,    98.74,   226.53
  232.43,   100.20,   351.72
  226.77,   222.96,   100.62
  229.76,   223.74,   224.94
  233.82,   225.07,   349.86
  227.44,   347.76,    99.16
  231.45,   349.10,   224.19
  234.90,   349.54,   349.93
  350.43,    96.57,    98.05
  354.19,    98.30,   223.06
  357.41,    99.01,   348.18
  351.62,   222.03,    96.96
  354.87,   222.47,   221.43
  358.35,   223.77,   346.55
  353.05,   347.53,    96.32
  356.32,   347.60,   221.35
  360.03,   348.27,   345.52
  475.94,    96.05,    94.46
  479.27,    97.11,   219.18
  482.54,    97.91,   344.42
  476.96,   220.68,    92.90
  479.71,   221.49,   218.19
  483.20,   222.71,   343.58
  477.42,   345.95,    92.33
  481.19,   347.11,   217.22
  484.28,   348.10,   342.69
  224.81,    99.93,   226.61
  225.99,    96.87,   351.76
  228.80,    94.38,   476.99
  225.86,   224.81,   229.32
  227.93,   222.41,   355.13
  230.15,   219.03,   479.14
  227.84,   349.58,   232.92
  230.24,   346.90,   357.49
  231.84,   344.46,   482.15
  349.15,    98.04,   225.26
  351.00,    95.55,   349.51
  353.26,    92.12,   474.25
  351.32,   223.33,   228.14
  352.72,   220.07,   352.52
  355.54,   217.86,   477.75
  352.57,   348.21,   230.72
  355.28,   345.49,   355.28
  356.51,   342.65,   480.10
  473.89,    96.44,   222.85
  476.19,    93.81,   348.12
  478.66,    90.71,   473.15
  475.98,   221.11,   226.00
  478.08,   218.45,   350.13
  480.33,   216.19,   474.99
  478.04,   346.77,   228.46
  479.76,   343.76,   353.67
  482.12,   340.89,   478.19
  227.38,   100.57,   348.51
  229.40,    98.29,   474.18
  232.57,    96.02,   599.38
  223.77,   225.53,   351.92
  226.79,   222.58,   476.24
  229.80,   220.32,   601.54
  221.19,   350.60,   353.72
  224.47,   348.20,   479.17
  226.69,   345.89,   604.00
  351.95,   102.88,   346.72
  354.93,   100.92,   471.13
  357.63,    98.19,   596.03
  349.24,   228.76,   349.11
  351.58,   225.57,   473.39
  354.70,   222.98,   598.39
  346.61,   353.54,   351.52
  348.62,   350.78,   476.32
  351.22,   348.72,   601.68
  477.21,   106.58,   343.32
  479.98,   103.51,   468.77
  482.44,   101.31,   593.68
  473.88,   231.59,   346.18
  476.36,   228.55,   470.81
  479.35,   226.13,   596.51
  471.26,   355.83,   348.46
  474.19,   354.09,   473.56
  477.04,   351.48,   599.05
  224.27,   101.23,   476.92
  225.83,   100.12,   601.56
  226.42,    98.31,   726.83
  227.97,   225.80,   477.71
  227.97,   224.52,   602.79
  228.87,   223.58,   728.35
  230.17,   351.21,   479.37
  231.51,   350.10,   603.61
  231.72,   348.62,   729.45
  349.29,    97.73,   476.30
  350.26,    96.71,   601.31
  350.92,    95.94,   726.21
  352.82,   222.92,   476.83
  353.35,   221.85,   601.89
  353.79,   220.24,   726.75
  355.44,   348.26,   478.77
  356.06,   346.72,   603.45
  357.52,   345.44,   728.01
  474.53,    95.16,   474.87
  475.06,    93.65,   599.85
  476.62,    92.94,   725.75
  478.03,   220.05,   476.68
  478.26,   218.41,   601.44
  479.27,   217.98,   726.60
  480.79,   344.86,   477.60
  481.50,   343.42,   602.68
  481.67,   342.56,   727.86
  224.14,    99.55,   600.01
  222.27,   102.43,   725.07
  219.98,   104.64,   849.93
  226.05,   223.95,   596.99
  224.18,   227.51,   721.36
  222.07,   229.42,   847.04
  227.29,   349.09,   593.90
  225.34,   352.28,   719.12
  223.70,   355.08,   843.86
  349.00,    97.75,   601.60
  347.38,   100.03,   726.99
  344.94,   103.64,   852.14
  350.99,   222.48,   598.68
  348.80,   225.14,   723.47
  347.03,   228.60,   848.78
  352.63,   347.20,   596.51
  350.43,   350.23,   720.95
  348.15,   353.28,   845.88
  474.11,    96.42,   604.36
  472.16,    98.85,   729.20
  470.22,   101.63,   853.47
  476.11,   221.47,   600.94
  474.23,   223.83,   725.86
  471.80,   226.89,   851.12
  477.71,   346.45,   598.55
  475.41,   349.17,   723.48
  473.87,   351.35,   847.99
  223.61,   223.11,   100.92
  225.69,   227.02,   225.22
  228.19,   229.94,   350.58
  224.18,   348.79,    97.32
  226.41,   351.80,   221.81
  228.86,   354.94,   347.63
  223.70,   473.48,    93.86
  227.34,   476.50,   219.15
  229.23,   479.78,   343.71
  347.87,   222.61,    97.94
  350.40,   226.49,   222.78
  354.00,   229.64,   347.71
  348.76,   347.46,    94.90
  351.06,   350.74,   219.81
  354.44,   354.46,   344.22
  348.78,   472.55,    91.11
  352.05,   475.72,   216.36
  354.75,   479.26,   341.12
  473.16,   222.36,    95.14
  475.61,   225.53,   220.79
  478.31,   229.07,   345.08
  473.42,   347.57,    91.66
  476.68,   350.58,   216.81
  478.71,   354.10,   341.46
  474.30,   471.74,    88.61
  476.38,   475.96,   213.05
  479.73,   479.24,   338.60
  223.52,   224.52,   225.31
  220.48,   225.70,   350.30
  217.78,   226.61,   474.70
  222.43,   349.68,   223.99
  219.80,   350.98,   349.31
  217.24,   351.28,   474.41
  222.33,   474.66,   223.25
  219.24,   475.68,   348.33
  217.04,   477.18,   472.98
  348.11,   224.76,   228.13
  345.12,   225.71,   352.72
  343.02,   227.12,   477.41
  347.33,   350.48,   226.51
  344.92,   351.45,   351.31
  342.94,   351.87,   476.15
  347.47,   474.79,   225.63
  344.99,   476.50,   350.83
  342.43,   477.28,   475.07
  473.24,   225.64,   230.20
  470.61,   226.28,   355.12
  468.26,   227.50,   479.67
  472.77,   351.03,   228.63
  470.38,   351.52,   354.26
  467.97,   352.37,   479.36
  472.00,   475.27,   228.15
  469.77,   476.68,   353.43
  467.46,   477.56,   477.78
  226.34,   224.63,   351.13
  228.96,   227.39,   476.69
  233.05,   231.54,   601.42
  223.94,   349.91,   348.40
  227.20,   352.67,   472.69
  230.38,   356.39,   597.84
  222.81,   474.51,   344.77
  225.89,   477.38,   469.52
  228.33,   481.10,   594.69
  351.32,   226.80,   348.01
  354.59,   229.37,   472.67
  357.47,   233.30,   597.54
  349.10,   351.37,   344.45
  352.63,   354.14,   469.85
  355.73,   357.94,   594.59
  347.00,   476.42,   342.09
  350.37,   479.32,   466.57
  354.10,   482.85,   591.83
  476.65,   228.36,   345.35
  479.29,   231.70,   469.67
  482.83,   234.44,   594.75
  474.03,   353.45,   341.70
  477.84,   356.96,   466.97
  480.58,   360.06,   591.11
  471.87,   478.29,   338.23
  475.88,   481.56,   463.68
  478.17,   484.84,   588.47
  224.79,   225.78,   476.74
  224.13,   227.60,   601.16
  223.18,   230.43,   727.00
  223.72,   350.97,   474.97
  223.73,   352.64,   599.40
  223.17,   355.09,   724.57
  224.27,   475.66,   472.29
  223.43,   477.98,   597.79
  223.28,   479.93,   722.41
  349.48,   225.99,   477.58
  349.01,   227.77,   602.12
  348.03,   229.98,   727.29
  349.37,   350.78,   475.13
  348.39,   353.55,   600.55
  348.20,   355.25,   725.59
  349.00,   476.06,   472.94
  348.45,   478.54,   598.06
  348.02,   479.80,   722.59
  474.50,   226.63,   477.47
  474.16,   228.02,   603.18
  473.01,   230.11,   727.53
  474.15,   350.88,   475.38
  473.21,   352.90,   600.44
  473.28,   355.19,   726.03
  473.67,   476.47,   473.25
  473.51,   478.62,   598.75
  472.77,   480.81,   723.30
  225.00,   223.24,   601.10
  226.82,   220.16,   725.74
  228.70,   217.77,   851.04
  223.34,   348.30,   603.15
  225.28,   345.68,   728.00
  227.20,   342.56,   853.10
  222.16,   473.55,   606.57
  224.57,   470.45,   731.23
  226.01,   467.56,   855.73
  350.42,   224.92,   598.65
  351.84,   221.77,   724.07
  353.91,   219.11,   848.76
  348.66,   349.15,   601.28
  350.99,   346.65,   726.44
  352.55,   344.03,   851.21
  347.14,   474.30,   603.75
  348.86,   472.27,   729.02
  351.18,   469.88,   853.88
  475.65,   225.94,   597.11
  477.10,   223.20,   722.12
  478.80,   221.13,   846.51
  473.80,   351.30,   599.69
  475.71,   348.89,   724.48
  477.23,   346.32,   849.84
  472.25,   476.21,   602.36
  474.20,   473.53,   727.52
  475.90,   470.75,   852.61
  223.86,   351.15,   101.30
  226.96,   349.35,   226.22
  229.34,   347.58,   351.09
  222.21,   476.00,   103.08
  225.10,   473.93,   227.29
  227.00,   472.32,   352.57
  221.21,   600.68,   104.15
  223.33,   599.31,   229.70
  225.52,   597.10,   354.50
  349.61,   352.49,    98.23
  351.34,   350.48,   223.83
  353.89,   349.39,   348.81
  347.21,   477.32,   100.29
  350.40,   475.86,   225.79
  352.49,   473.93,   350.86
  345.87,   602.74,   101.84
  348.30,   600.87,   226.74
  350.71,   598.66,   351.80
  474.71,   354.08,    96.91
  476.19,   352.56,   220.96
  478.93,   350.46,   346.12
  472.60,   479.35,    98.12
  475.11,   477.33,   223.13
  477.30,   475.30,   347.94
  470.89,   603.74,   100.36
  473.26,   602.24,   225.29
  475.79,   600.35,   349.49
  226.53,   351.72,   223.29
  228.90,   349.47,   347.96
  231.64,   345.76,   473.27
  227.84,   476.64,   226.26
  229.58,   474.23,   350.96
  231.50,   471.32,   476.07
  228.01,   601.61,   228.64
  230.36,   598.79,   354.33
  232.06,   596.08,   479.21
  351.47,   350.95,   221.10
  354.23,   348.76,   345.83
  356.08,   345.21,   471.23
  352.84,   476.42,   224.22
  354.20,   473.31,   349.16
  357.05,   470.96,   473.54
  353.08,   601.69,   226.73
  354.92,   598.39,   351.55
  357.71,   595.57,   476.66
  476.93,   351.07,   218.88
  479.00,   347.48,   343.47
  481.05,   344.83,   468.62
  477.57,   475.21,   221.86
  479.99,   473.06,   346.53
  481.97,   469.94,   471.73
  478.56,   600.55,   224.31
  480.51,   598.24,   349.93
  482.76,   594.64,   474.51
  223.98,   348.37,   351.45
  224.65,   345.27,   476.59
  224.31,   342.66,   601.47
  225.22,   472.71,   354.32
  225.20,   469.68,   479.13
  225.24,   467.64,   604.72
  226.44,   597.56,   357.62
  226.12,   595.47,   482.68
  225.43,   592.21,   607.84
  349.77,   347.47,   352.11
  349.49,   344.42,   477.11
  349.45,   341.02,   602.33
  350.53,   472.63,   354.90
  350.00,   468.99,   479.34
  349.88,   466.13,   604.26
  351.24,   597.58,   357.77
  350.47,   594.19,   482.54
  351.18,   591.21,   607.44
  474.87,   346.40,   352.42
  473.88,   343.83,   476.98
  474.49,   340.79,   602.28
  475.70,   471.57,   355.41
  475.24,   468.40,   479.72
  474.65,   465.99,   605.32
  476.36,   595.85,   358.31
  476.32,   593.43,   483.06
  475.33,   590.62,   607.81
  225.53,   350.54,   474.26
  226.44,   352.21,   598.90
  227.16,   354.69,   724.70
  221.84,   475.70,   472.11
  222.48,   477.05,   597.02
  223.65,   479.26,   722.40
  218.77,   600.36,   469.76
  218.95,   602.74,   595.59
  220.03,   604.87,   719.72
  350.50,   353.45,   473.88
  351.21,   355.35,   598.07
  352.09,   357.79,   723.78
  346.63,   478.36,   471.87
  347.30,   480.40,   596.24
  348.54,   482.70,   721.10
  343.77,   603.44,   469.41
  344.65,   605.59,   594.01
  345.54,   607.48,   719.18
  475.46,   357.39,   472.77
  476.41,   358.91,   597.46
  476.72,   361.65,   722.60
  472.25,   481.92,   470.87
  472.41,   483.61,   595.05
  473.57,   486.23,   720.35
  468.14,   607.26,   468.04
  469.57,   609.41,   593.83
  470.37,   611.29,   717.96
  225.69,   349.32,   598.09
  228.54,   347.10,   723.66
  231.88,   344.15,   848.27
  228.44,   475.03,   601.81
  232.21,   471.74,   726.60
  234.98,   468.83,   850.81
  232.15,   600.11,   604.38
  235.72,   596.35,   729.66
  238.18,   593.95,   853.75
  350.57,   346.76,   594.55
  353.20,   343.96,   720.33
  357.16,   340.66,   844.33
  353.37,   471.95,   597.81
  357.26,   468.12,   722.80
  360.30,   465.86,   847.99
  356.76,   596.29,   601.30
  360.42,   593.89,   726.10
  364.05,   590.02,   851.10
  474.82,   343.72,   591.42
  478.15,   340.03,   716.76
  481.65,   337.83,   841.64
  478.44,   468.14,   594.98
  481.71,   465.25,   719.11
  485.23,   462.47,   844.70
  481.91,   593.05,   597.14
  485.36,   590.09,   722.52
  488.07,   587.70,   847.55
  224.79,   473.98,    99.37
  228.57,   472.52,   225.14
  230.91,   470.71,   349.71
  224.29,   599.10,   101.72
  227.67,   597.55,   226.55
  230.67,   595.43,   351.21
  224.10,   723.42,   102.88
  226.82,   722.13,   228.00
  230.82,   720.48,   353.02
  349.39,   474.38,    96.57
  353.05,   472.27,   221.18
  356.52,   470.81,   346.12
  349.16,   598.92,    97.61
  352.38,   598.02,   222.74
  355.64,   596.01,   347.93
  349.20,   723.90,    99.58
  351.89,   722.17,   224.17
  355.85,   721.48,   348.97
  474.87,   474.27,    93.65
  478.45,   472.94,   218.81
  481.18,   471.37,   343.32
  474.60,   599.89,    95.18
  477.65,   597.63,   220.10
  480.77,   596.54,   344.63
  474.09,   724.66,    96.24
  476.77,   722.83,   220.84
  480.13,   721.49,   346.66
  223.60,   475.55,   225.47
  223.61,   473.02,   349.88
  223.11,   470.50,   474.65
  225.03,   600.90,   227.49
  224.55,   598.51,   352.21
  224.56,   596.24,   477.31
  226.62,   725.43,   229.83
  225.65,   723.46,   355.26
  225.68,   720.93,   480.32
  348.66,   474.69,   225.27
  348.60,   471.95,   350.53
  347.74,   469.96,   475.52
  350.39,   598.90,   228.20
  349.61,   596.53,   352.59
  348.59,   594.33,   478.27
  351.11,   724.18,   230.97
  350.86,   721.81,   355.61
  349.96,   719.31,   480.97
  473.56,   472.73,   226.58
  473.74,   470.17,   350.79
  472.57,   468.64,   476.43
  474.76,   598.41,   229.04
  474.96,   595.06,   353.74
  474.07,   592.76,   478.74
  476.40,   722.49,   230.62
  475.80,   720.76,   356.24
  475.55,   718.09,   480.99
  224.21,   474.44,   351.70
  227.91,   474.37,   476.60
  231.78,   475.34,   601.56
  223.81,   599.07,   351.04
  227.69,   599.72,   476.41
  231.11,   600.92,   600.67
  223.53,   723.61,   350.67
  226.86,   725.03,   474.84
  230.43,   725.09,   600.61
  349.17,   474.27,   347.94
  352.91,   474.89,   472.71
  356.59,   476.02,   598.20
  348.82,   599.03,   347.76
  352.44,   599.73,   472.25
  356.04,   601.33,   597.33
  348.05,   724.76,   347.23
  351.40,   725.23,   471.36
  355.63,   725.66,   597.13
  473.55,   474.55,   344.16
  477.11,   475.70,   469.73
  481.01,   476.58,   594.52
  473.32,   600.03,   343.77
  476.99,   600.48,   468.52
  480.80,   600.72,   594.14
  472.84,   725.18,   343.21
  477.08,   725.76,   468.24
  480.15,   725.76,   593.49
  223.41,   474.27,   475.86
  220.75,   471.35,   601.24
  217.93,   469.29,   725.94
  224.24,   598.59,   478.19
  221.57,   597.03,   603.74
  218.09,   594.98,   727.83
  224.95,   723.94,   480.26
  222.13,   721.71,   605.68
  218.75,   719.48,   730.68
  348.76,   473.13,   478.77
  345.48,   471.56,   603.79
  341.99,   468.97,   728.57
  348.60,   598.41,   481.38
  345.90,   596.56,   605.86
  342.79,   593.84,   730.73
  349.31,   723.51,   483.40
  346.77,   720.74,   607.95
  343.94,   719.21,   732.88
  473.33,   472.04,   482.38
  470.47,   470.76,   606.91
  467.53,   468.68,   731.96
  473.69,   597.22,   484.61
  471.22,   595.86,   609.52
  468.34,   593.49,   733.70
  474.46,   722.60,   486.04
  471.49,   720.45,   611.76
  468.72,   718.13,   736.61
  225.09,   476.38,   600.71
  224.34,   476.42,   725.78
  223.29,   475.72,   850.81
  228.44,   601.08,   601.05
  227.32,   600.92,   725.81
  225.60,   600.97,   850.90
  230.94,   726.11,   601.01
  229.26,   725.90,   726.28
  228.22,   725.85,   851.32
  349.99,   473.05,   602.15
  348.86,   473.00,   727.47
  347.64,   472.91,   852.25
  353.33,   598.04,   602.65
  351.86,   598.75,   727.40
  351.13,   597.91,   852.04
  356.32,   723.74,   602.57
  354.78,   722.90,   727.98
  353.41,   723.01,   852.77
  474.96,   470.69,   603.88
  473.97,   470.93,   729.11
  473.31,   470.51,   853.70
  478.30,   595.84,   603.75
  477.14,   595.12,   728.45
  475.81,   595.50,   853.49
  480.73,   720.68,   603.74
  479.24,   720.11,   729.26
  478.64,   720.67,   853.49
  224.82,   599.85,    99.90
  225.78,   597.58,   225.03
  226.94,   595.89,   350.12
  223.96,   725.58,   102.90
  225.58,   722.66,   227.30
  226.26,   720.47,   352.45
  223.54,   850.37,   104.75
  224.38,   847.67,   230.00
  225.35,   845.15,   354.64
  350.09,   601.06,    98.76
  350.77,   599.07,   224.29
  352.19,   596.80,   349.40
  348.92,   725.39,   100.88
  349.98,   723.67,   226.52
  351.18,   721.45,   351.10
  347.71,   851.01,   103.74
  349.57,   848.09,   228.41
  350.16,   846.35,   353.77
  474.60,   602.06,    97.88
  475.51,   599.79,   222.81
  477.03,   597.45,   347.82
  473.94,   726.93,   100.43
  474.74,   724.75,   225.11
  476.41,   722.56,   349.85
  473.68,   851.48,   102.23
  474.59,   849.13,   227.74
  475.67,   846.95,   352.44
  225.06,   599.61,   225.64
  227.79,   600.08,   350.40
  229.84,   601.63,   475.02
  228.34,   724.27,   224.44
  230.46,   725.51,   349.04
  233.56,   726.23,   474.08
  231.73,   849.63,   223.19
  234.51,   850.02,   347.60
  236.74,   850.71,   473.19
  350.09,   595.47,   222.84
  352.21,   596.49,   347.33
  354.82,   597.53,   472.24
  352.85,   720.77,   221.21
  355.44,   721.34,   346.44
  357.96,   722.08,   471.63
  356.31,   845.56,   220.49
  358.88,   846.31,   345.97
  361.46,   847.51,   470.75
  474.42,   591.84,   219.81
  477.40,   592.74,   345.46
  479.47,   594.54,   470.02
  478.07,   717.22,   218.98
  481.20,   717.56,   343.93
  483.46,   719.14,   469.25
  482.18,   841.68,   218.42
  483.87,   843.18,   343.30
  487.22,   844.32,   467.61
  225.30,   599.29,   348.51
  226.42,   600.86,   473.01
  226.67,   602.84,   598.46
  223.88,   724.01,   346.19
  224.12,   725.72,   470.85
  225.33,   727.59,   596.57
  222.88,   848.61,   344.08
  223.33,   851.03,   469.62
  223.24,   853.15,   593.83
  350.70,   600.42,   347.42
  351.05,   602.44,   472.69
  351.83,   604.71,   598.13
  349.03,   725.22,   346.06
  349.76,   727.22,   470.70
  350.28,   729.64,   595.43
  347.56,   850.15,   343.95
  348.40,   852.53,   469.12
  348.44,   854.14,   593.53
  476.09,   602.40,   347.24
  476.34,   604.29,   472.83
  476.78,   606.46,   597.84
  473.73,   726.59,   345.42
  474.36,   729.23,   470.78
  475.27,   731.23,   595.77
  472.40,   852.02,   343.45
  472.75,   853.56,   468.42
  473.50,   855.47,   593.44
  222.74,   598.20,   475.80
  223.72,   597.59,   600.69
  223.82,   597.03,   725.46
  222.86,   723.40,   475.76
  223.36,   722.89,   601.11
  224.40,   721.57,   725.73
  222.89,   848.28,   476.85
  223.10,   847.12,   601.38
  224.30,   846.90,   727.07
  348.19,   598.54,   475.02
  348.82,   597.89,   599.63
  349.54,   596.75,   724.40
  348.47,   723.56,   475.46
  348.08,   722.88,   600.03
  349.25,   721.80,   725.44
  348.26,   848.62,   475.81
  348.65,   847.83,   601.27
  349.26,   846.65,   725.91
  473.46,   598.65,   473.91
  474.07,   597.43,   599.27
  473.83,   597.32,   724.63
  473.16,   723.60,   474.84
  473.26,   722.42,   600.16
  474.49,   721.84,   725.13
  472.66,   847.81,   475.36
  473.68,   847.62,   600.90
  474.51,   847.48,   725.59
  224.40,   599.67,   598.41
  222.37,   602.50,   723.23
  219.09,   605.64,   848.08
  224.27,   723.81,   594.36
  221.23,   727.88,   719.63
  217.98,   731.28,   844.62
  223.14,   849.35,   591.39
  219.51,   852.76,   716.42
  216.73,   856.47,   840.89
  349.45,   600.58,   601.34
  346.53,   603.50,   725.97
  344.13,   607.15,   851.27
  349.13,   725.46,   597.80
  345.59,   729.04,   722.22
  342.87,   732.04,   847.03
  348.09,   850.37,   594.21
  345.05,   853.07,   719.47
  341.78,   856.96,   844.46
  474.41,   601.48,   604.50
  471.85,   604.36,   729.03
  468.77,   607.75,   854.36
  473.95,   725.71,   600.38
  470.68,   729.94,   725.99
  467.93,   733.08,   850.40
  472.72,   851.09,   597.56
  469.44,   854.18,   722.15
  466.93,   857.90,   846.54
  350.04,   100.10,    98.60
  351.88,   101.54,   223.58
  354.09,   102.70,   349.22
  352.80,   225.53,    97.56
  354.71,   226.98,   222.77
  357.30,   227.83,   347.37
  355.02,   350.08,    97.17
  357.54,   351.16,   221.65
  360.43,   353.12,   346.52
  474.53,    97.34,    96.79
  476.56,    98.88,   221.39
  479.87,    99.52,   346.26
  477.91,   223.07,    95.23
  479.45,   224.12,   220.67
  481.93,   225.04,   345.67
  479.91,   347.33,    94.17
  483.03,   348.29,   218.83
  485.40,   349.80,   343.74
  599.16,    94.79,    94.50
  601.80,    96.32,   218.95
  604.30,    96.92,   343.52
  602.38,   220.08,    92.87
  605.34,   221.20,   217.84
  607.19,   221.58,   343.02
  604.77,   345.04,    91.51
  608.03,   346.13,   216.57
  610.13,   346.73,   342.07
  349.71,    99.61,   225.43
  351.23,   103.99,   349.92
  353.56,   106.79,   474.63
  349.08,   224.69,   221.85
  350.48,   228.04,   346.61
  352.73,   232.19,   471.66
  348.39,   349.88,   218.19
  350.24,   353.45,   342.71
  351.91,   356.86,   468.21
  474.56,   100.83,   223.40
  475.96,   104.53,   348.58
  477.80,   107.69,   473.45
  474.11,   225.64,   219.41
  475.49,   229.01,   345.03
  477.84,   232.64,   469.31
  473.13,   350.60,   215.64
  474.40,   353.94,   340.77
  477.01,   358.13,   466.26
  599.14,   101.67,   221.77
  601.32,   104.65,   346.00
  603.47,   108.96,   471.51
  598.87,   226.46,   217.89
  600.49,   229.50,   342.64
  602.15,   233.50,   467.50
  598.39,   350.69,   213.99
  600.05,   355.23,   338.77
  601.59,   358.83,   464.35
  349.95,   100.49,   351.33
  349.90,   101.10,   476.33
  348.14,   101.63,   601.38
  351.73,   225.98,   350.90
  350.88,   226.90,   476.06
  350.74,   226.90,   600.30
  353.69,   351.16,   350.51
  352.81,   351.14,   474.96
  351.68,   352.51,   600.00
  474.96,    98.60,   351.86
  474.21,   100.01,   477.03
  474.04,   100.57,   602.04
  476.88,   223.92,   351.83
  475.86,   224.36,   476.85
  474.87,   225.20,   602.12
  478.73,   349.47,   350.89
  478.02,   349.27,   476.17
  476.89,   350.26,   600.93
  600.46,    97.73,   353.27
  599.66,    97.87,   478.25
  598.96,    98.13,   603.45
  602.13,   222.47,   352.27
  600.96,   223.01,   477.70
  600.07,   223.22,   602.44
  604.26,   346.78,   352.23
  602.77,   347.50,   477.07
  601.98,   348.94,   601.49
  349.89,    99.70,   476.86
  346.25,   101.16,   601.56
  343.14,   102.10,   726.26
  348.13,   224.64,   475.65
  344.71,   225.57,   600.25
  341.62,   227.40,   725.34
  345.99,   349.42,   473.70
  342.80,   350.61,   598.39
  339.17,   352.06,   723.40
  474.37,   101.15,   480.10
  471.58,   102.60,   604.35
  468.45,   103.73,   730.12
  473.14,   226.59,   478.24
  469.24,   227.79,   603.65
  466.52,   229.25,   728.83
  470.94,   351.46,   477.53
  467.13,   352.90,   602.54
  463.89,   354.08,   727.44
  600.14,   103.00,   483.55
  595.82,   104.46,   608.47
  592.77,   105.56,   733.19
  598.14,   228.72,   481.69
  594.67,   229.92,   606.84
  590.63,   230.81,   731.73
  595.84,   353.69,   480.17
  592.26,   354.34,   605.58
  589.02,   356.14,   730.26
  351.25,    98.52,   599.41
  349.08,    96.66,   724.10
  346.17,    94.25,   849.85
  348.17,   223.30,   601.15
  345.60,   221.48,   726.77
  343.08,   218.85,   851.71
  345.06,   348.79,   603.69
  342.78,   346.49,   728.67
  339.62,   343.68,   853.85
  476.69,   101.84,   602.11
  473.51,    99.32,   727.14
  470.99,    97.28,   852.07
  473.56,   226.69,   604.66
  470.29,   224.40,   729.21
  468.33,   221.93,   853.94
  469.93,   350.82,   606.66
  467.26,   348.95,   730.88
  464.92,   347.29,   855.98
  601.80,   104.67,   604.59
  598.80,   102.49,   730.48
  595.82,    99.88,   855.20
  598.27,   229.18,   606.95
  595.99,   227.27,   732.30
  593.04,   225.66,   856.88
  594.78,   354.15,   608.99
  592.46,   352.51,   733.67
  590.10,   350.52,   858.90
  350.29,   224.06,    99.48
  349.03,   228.02,   224.26
  346.18,   230.72,   349.67
  350.53,   349.44,    96.41
  348.14,   353.03,   221.11
  346.89,   355.99,   345.95
  350.77,   473.95,    92.79
  348.54,   477.95,   217.50
  346.69,   481.52,   341.84
  475.88,   224.67,   100.96
  473.24,   227.63,   226.19
  471.59,   231.78,   350.83
  475.63,   348.89,    97.46
  473.24,   353.16,   222.81
  471.45,   356.55,   347.83
  475.43,   474.45,    94.57
  473.68,   477.22,   219.42
  471.35,   481.70,   343.84
  600.89,   224.44,   103.53
  598.88,   228.13,   228.76
  596.17,   231.91,   353.39
  600.69,   349.67,   100.16
  598.54,   353.00,   224.49
  596.89,   356.55,   350.09
  600.06,   474.15,    96.65
  598.19,   477.40,   221.21
  596.47,   481.79,   346.58
  348.46,   224.74,   223.04
  347.30,   226.28,   347.82
  346.17,   226.57,   473.63
  347.77,   350.59,   222.05
  346.74,   351.46,   347.81
  345.77,   351.61,   472.75
  347.14,   474.88,   221.13
  345.71,   475.93,   346.10
  345.15,   477.19,   471.23
  472.67,   225.73,   223.91
  471.70,   226.85,   348.79
  471.05,   226.95,   474.60
  472.60,   350.79,   223.02
  471.62,   351.34,   348.38
  470.30,   351.94,   473.24
  471.85,   475.47,   222.09
  471.53,   476.95,   347.34
  470.11,   476.92,   472.36
  598.50,   226.71,   225.30
  597.48,   226.93,   350.03
  596.19,   227.73,   474.65
  597.85,   350.97,   224.14
  596.83,   351.73,   348.88
  595.44,   352.83,   473.75
  597.12,   476.28,   223.27
  596.16,   476.84,   348.05
  594.81,   478.23,   473.25
  350.85,   225.40,   349.53
  352.51,   228.20,   475.02
  354.11,   231.67,   600.24
  348.61,   349.94,   346.93
  350.02,   353.62,   471.71
  352.33,   356.43,   596.23
  346.67,   475.63,   343.95
  348.78,   478.71,   468.30
  350.67,   482.00,   593.27
  475.77,   227.53,   348.77
  477.61,   230.12,   473.64
  478.65,   233.13,   597.78
  473.95,   351.85,   345.08
  475.73,   355.16,   470.15
  476.80,   358.16,   594.85
  472.34,   476.85,   342.12
  473.74,   480.45,   466.46
  475.54,   483.50,   591.85
  600.73,   229.12,   346.92
  601.96,   232.11,   471.30
  604.32,   235.66,   596.37
  598.41,   353.64,   343.52
  600.13,   356.65,   468.54
  602.18,   359.94,   593.62
  596.91,   479.29,   340.18
  598.96,   481.59,   465.64
  600.43,   485.34,   590.23
  351.20,   226.67,   474.65
  352.59,   229.09,   599.47
  352.93,   231.09,   725.02
  348.22,   352.22,   472.23
  348.25,   353.77,   597.50
  349.18,   355.70,   722.31
  344.74,   476.78,   470.09
  345.46,   478.87,   595.03
  346.15,   480.93,   720.53
  476.45,   230.53,   473.58
  477.27,   232.57,   598.48
  477.37,   234.40,   723.67
  472.54,   354.85,   471.82
  473.29,   356.95,   596.91
  474.12,   359.69,   722.14
  469.18,   479.76,   469.95
  469.78,   482.35,   594.62
  471.21,   483.82,   719.95
  601.85,   234.24,   473.12
  602.15,   235.48,   598.22
  603.18,   237.84,   723.33
  597.50,   358.76,   471.47
  598.30,   361.15,   595.69
  599.34,   362.58,   721.43
  594.68,   484.20,   468.88
  594.93,   486.08,   594.14
  595.74,   488.27,   719.29
  347.74,   226.40,   599.57
  350.75,   225.71,   724.57
  353.53,   225.21,   849.48
  348.94,   351.34,   599.81
  352.15,   350.42,   724.46
  355.64,   350.95,   849.99
  350.48,   476.17,   599.59
  353.98,   476.08,   724.80
  356.24,   475.95,   850.27
  473.04,   225.50,   596.69
  476.03,   225.00,   721.57
  479.42,   224.32,   846.84
  474.03,   350.14,   596.86
  477.49,   349.40,   721.37
  479.75,   349.83,   846.99
  475.22,   475.28,   596.83
  478.09,   474.25,   721.93
  481.78,   474.08,   846.87
  598.44,   224.26,   593.51
  601.38,   223.21,   718.51
  603.98,   222.99,   843.24
  599.37,   348.78,   593.74
  601.84,   348.91,   718.64
  605.10,   348.39,   843.73
  600.86,   473.79,   594.00
  603.81,   473.78,   718.90
  606.45,   473.34,   843.88
  350.18,   348.16,    98.54
  348.33,   345.78,   223.75
  346.74,   342.26,   348.36
  352.21,   473.53,   101.24
  350.07,   470.90,   226.96
  348.86,   467.82,   351.36
  354.08,   598.61,   103.98
  352.41,   595.12,   229.56
  351.35,   592.49,   354.72
  474.72,   346.46,   100.24
  473.46,   342.83,   224.73
  471.67,   340.21,   350.48
  477.07,   470.49,   103.05
  475.54,   468.43,   227.68
  473.95,   465.30,   352.57
  479.32,   596.17,   105.73
  477.63,   593.30,   231.50
  475.79,   590.37,   355.86
  599.30,   343.76,   101.92
  598.24,   340.64,   227.15
  596.61,   337.95,   351.63
  602.48,   469.04,   104.38
  600.72,   465.86,   230.08
  598.35,   462.97,   354.20
  604.55,   593.46,   107.60
  602.88,   590.88,   232.32
  600.71,   587.25,   357.85
  350.18,   350.47,   226.37
  350.10,   350.85,   351.95
  350.53,   351.29,   476.56
  346.69,   475.02,   225.76
  347.24,   475.86,   351.48
  347.51,   475.70,   476.32
  342.92,   600.15,   226.39
  343.74,   600.75,   350.98
  343.84,   600.78,   475.47
  475.07,   353.37,   225.75
  475.03,   353.36,   351.58
  475.62,   354.04,   476.01
  471.79,   477.99,   225.88
  472.14,   479.21,   350.75
  471.94,   478.68,   476.09
  468.22,   603.52,   226.01
  468.35,   603.97,   350.84
  468.94,   603.54,   475.87
  599.40,   357.08,   226.25
  599.61,   357.45,   351.13
  600.79,   357.51,   475.86
  596.06,   481.65,   225.70
  597.08,   481.49,   350.97
  597.04,   481.81,   475.07
  593.09,   606.98,   225.37
  593.15,   606.85,   350.48
  594.20,   606.78,   475.44
  348.19,   351.45,   350.12
  346.60,   350.77,   475.26
  344.60,   350.06,   599.76
  348.75,   477.20,   350.49
  346.55,   475.67,   475.87
  345.25,   474.55,   601.11
  349.84,   601.82,   351.64
  347.27,   600.87,   477.08
  345.46,   600.00,   602.38
  472.96,   351.60,   351.34
  471.49,   350.13,   477.10
  469.11,   348.66,   601.54
  473.32,   475.95,   353.09
  471.51,   475.45,   477.91
  469.58,   474.19,   602.57
  473.97,   601.31,   354.01
  472.56,   599.72,   479.30
  470.31,   599.33,   604.22
  598.05,   350.18,   353.16
  596.43,   349.84,   478.71
  594.15,   348.24,   603.66
  598.35,   475.32,   355.10
  596.42,   474.93,   479.34
  594.75,   473.58,   605.03
  598.91,   601.10,   355.63
  597.55,   599.05,   480.60
  595.38,   598.34,   606.31
  350.67,   351.05,   473.59
  351.61,   353.20,   598.98
  352.21,   354.77,   724.15
  351.64,   476.36,   472.24
  352.35,   477.88,   597.16
  353.91,   480.60,   721.60
  352.57,   601.05,   470.48
  353.35,   603.34,   595.54
  355.01,   605.04,   720.39
  475.16,   350.73,   472.65
  476.48,   351.89,   597.39
  477.71,   354.26,   723.17
  477.05,   475.06,   471.48
  477.54,   477.40,   596.52
  478.65,   478.68,   721.25
  477.72,   600.19,   469.44
  478.25,   601.98,   594.49
  479.78,   603.58,   719.13
  601.02,   349.01,   471.64
  601.71,   351.05,   597.24
  602.64,   353.26,   721.91
  601.28,   474.03,   470.45
  602.81,   475.84,   594.69
  603.99,   477.81,   719.61
  602.60,   599.10,   468.09
  603.87,   600.89,   593.23
  604.68,   602.71,   717.94
  348.55,   350.17,   599.01
  348.57,   348.64,   723.56
  349.74,   347.04,   848.44
  350.70,   475.87,   600.92
  350.61,   473.97,   725.55
  351.79,   471.31,   850.45
  352.21,   600.95,   603.25
  353.46,   598.66,   728.03
  353.75,   596.61,   852.46
  473.65,   348.76,   598.72
  473.93,   346.13,   722.78
  474.63,   344.50,   848.01
  475.39,   473.79,   599.81
  475.85,   471.10,   725.28
  476.61,   469.82,   850.28
  477.50,   598.10,   601.87
  478.07,   596.18,   727.02
  478.60,   594.76,   852.13
  598.55,   346.58,   597.84
  599.21,   344.90,   722.54
  599.67,   342.94,   847.53
  600.48,   471.47,   599.19
  600.70,   469.30,   724.99
  601.45,   467.09,   849.53
  602.60,   596.51,   601.83
  602.93,   594.16,   726.85
  603.75,   592.14,   851.35
  348.27,   473.45,   100.08
  348.64,   473.72,   224.24
  348.24,   474.31,   349.25
  351.41,   598.52,   100.11
  351.43,   599.12,   224.36
  351.32,   598.92,   349.53
  354.63,   723.41,   100.08
  354.82,   723.76,   224.79
  354.67,   723.72,   349.40
  473.14,   470.59,    99.54
  473.24,   470.53,   224.87
  473.88,   471.04,   349.11
  476.48,   595.54,    98.99
  476.44,   595.99,   224.66
  476.20,   596.22,   349.76
  479.18,   721.17,    99.81
  479.57,   721.16,   224.64
  479.89,   720.43,   349.88
  598.09,   467.46,    99.34
  598.90,   467.59,   223.86
  598.24,   467.63,   349.11
  600.87,   592.88,    99.19
  601.19,   592.83,   224.56
  602.10,   592.86,   349.16
  604.49,   717.71,    99.24
  604.82,   718.04,   224.50
  604.79,   717.96,   349.48
  349.01,   476.84,   226.04
  348.25,   473.56,   351.00
  346.46,   470.89,   476.06
  350.69,   601.61,   228.92
  349.42,   598.68,   354.56
  347.64,   595.28,   478.62
  351.11,   726.81,   232.11
  350.19,   723.10,   357.06
  349.34,   719.97,   482.14
  474.44,   475.44,   226.94
  472.74,   472.06,   352.26
  471.41,   468.81,   477.34
  474.84,   600.39,   230.33
  473.86,   597.32,   355.03
  472.89,   594.20,   480.25
  476.38,   724.95,   233.34
  474.86,   722.44,   358.41
  474.36,   718.85,   483.50
  598.78,   474.51,   228.12
  597.87,   471.12,   353.73
  596.31,   467.81,   478.76
  600.76,   598.71,   231.91
  599.30,   596.54,   356.63
  597.94,   592.99,   481.56
  601.25,   724.17,   234.38
  600.02,   721.30,   360.19
  598.77,   717.80,   484.57
  351.38,   473.66,   350.70
  353.78,   474.00,   475.92
  354.95,   474.15,   600.26
  354.33,   598.91,   350.19
  355.28,   598.55,   474.86
  356.79,   599.14,   599.88
  355.96,   723.15,   350.26
  357.96,   724.27,   474.42
  359.12,   723.95,   599.44
  476.59,   471.48,   348.65
  477.97,   471.46,   474.36
  479.48,   471.82,   599.23
  479.40,   596.45,   348.39
  480.27,   597.11,   473.92
  482.44,   597.31,   598.66
  481.28,   721.31,   347.81
  483.00,   721.87,   472.70
  484.13,   721.74,   598.49
  602.19,   469.41,   347.39
  602.91,   469.38,   472.10
  604.97,   470.50,   597.78
  603.96,   594.10,   347.38
  605.03,   594.53,   471.61
  606.85,   594.84,   596.81
  606.52,   718.66,   346.47
  607.76,   719.31,   472.03
  609.64,   719.79,   596.12
  350.36,   473.81,   475.63
  347.95,   474.71,   600.95
  346.45,   475.75,   726.13
  351.26,   598.56,   474.50
  348.50,   599.72,   600.25
  347.17,   600.31,   724.74
  351.94,   724.07,   473.87
  349.98,   724.54,   599.38
  347.92,   725.18,   723.58
  475.46,   472.69,   477.76
  473.19,   474.41,   602.46
  471.11,   475.13,   727.84
  475.50,   598.19,   477.31
  474.10,   598.83,   602.03
  471.72,   599.98,   726.61
  476.25,   722.60,   476.23
  474.42,   723.47,   601.38
  472.35,   725.27,   726.46
  600.51,   472.06,   480.03
  598.08,   473.30,   605.04
  595.65,   473.84,   730.38
  601.42,   597.72,   479.13
  599.28,   598.61,   604.56
  596.52,   598.75,   728.87
  601.55,   722.27,   478.35
  599.34,   723.31,   602.96
  597.58,   724.12,   728.29
  349.86,   475.56,   599.83
  348.69,   478.19,   725.04
  348.77,   480.35,   850.38
  348.19,   600.78,   597.82
  348.20,   602.59,   722.23
  347.24,   605.66,   847.63
  347.91,   725.81,   595.84
  347.45,   727.88,   720.40
  346.43,   730.61,   845.38
  474.16,   476.32,   600.77
  474.23,   479.21,   725.92
  473.57,   480.83,   850.23
  473.91,   601.99,   598.08
  472.56,   603.64,   722.73
  472.93,   605.94,   847.70
  472.22,   726.76,   596.18
  471.82,   728.95,   720.87
  471.65,   731.09,   845.69
  599.54,   476.96,   601.10
  598.71,   479.98,   725.58
  598.45,   481.67,   850.46
  598.28,   602.44,   599.14
  598.35,   605.18,   723.61
  597.48,   606.52,   848.62
  598.06,   727.28,   596.44
  597.02,   730.01,   720.96
  596.24,   731.80,   846.19
  348.55,   597.51,   100.72
  345.83,   597.83,   224.96
  342.94,   597.00,   350.30
  346.71,   723.44,   101.38
  344.80,   722.33,   225.69
  341.91,   721.32,   351.40
  345.47,   847.92,   101.54
  343.10,   847.74,   226.53
  339.90,   846.99,   351.50
  473.72,   599.19,   102.77
  470.50,   598.32,   228.16
  468.36,   598.06,   353.13
  472.06,   724.13,   103.51
  469.04,   724.21,   229.08
  467.03,   722.92,   354.06
  471.08,   849.87,   104.58
  468.07,   849.07,   229.57
  465.64,   848.33,   354.54
  598.66,   600.33,   106.14
  595.48,   600.59,   230.87
  592.95,   599.25,   356.02
  597.01,   726.20,   106.02
  594.52,   724.76,   231.23
  591.73,   724.59,   356.49
  595.74,   850.29,   107.13
  593.24,   849.77,   232.29
  590.45,   849.26,   356.69
  349.22,   599.68,   227.15
  345.61,   598.90,   351.68
  343.51,   598.23,   477.03
  344.95,   724.30,   227.06
  342.05,   723.87,   352.48
  340.08,   723.66,   476.77
  341.99,   849.16,   227.32
  339.04,   848.27,   352.82
  336.05,   848.28,   477.20
  473.95,   602.47,   230.01
  471.01,   602.12,   355.03
  468.09,   601.41,   479.86
  470.22,   727.53,   230.24
  467.16,   727.14,   354.59
  464.66,   726.19,   480.08
  466.36,   853.08,   230.74
  463.84,   851.88,   355.49
  460.86,   851.75,   480.65
  598.35,   606.55,   232.78
  595.54,   605.24,   357.09
  593.32,   604.78,   482.85
  595.37,   731.17,   232.47
  592.26,   730.58,   358.40
  588.95,   729.57,   482.46
  592.19,   856.29,   233.47
  588.90,   855.15,   358.15
  586.38,   855.39,   483.24
  350.53,   599.70,   350.25
  347.81,   602.12,   474.77
  344.84,   603.37,   599.56
  349.09,   725.18,   347.67
  345.47,   726.87,   473.39
  342.25,   728.79,   598.03
  345.90,   849.69,   346.27
  343.45,   851.36,   471.44
  340.27,   853.75,   595.64
  475.92,   602.58,   352.88
  472.87,   604.42,   478.13
  470.07,   605.58,   602.93
  473.98,   726.99,   351.03
  470.41,   729.25,   476.58
  467.52,   731.17,   601.10
  471.23,   852.32,   349.37
  468.50,   853.51,   474.41
  464.63,   855.69,   599.56
  600.64,   604.98,   356.61
  598.16,   606.59,   481.24
  594.25,   608.45,   606.26
  598.56,   729.53,   354.48
  595.14,   731.88,   479.14
  592.08,   733.62,   604.36
  595.71,   854.51,   352.30
  592.82,   855.96,   477.41
  589.91,   857.82,   602.63
  349.99,   600.25,   475.97
  346.84,   600.42,   600.22
  344.08,   600.91,   725.00
  351.92,   724.78,   474.62
  348.90,   725.33,   599.72
  346.55,   726.49,   725.30
  354.13,   849.90,   474.55
  350.95,   850.96,   599.91
  347.76,   851.30,   724.50
  475.37,   598.24,   478.48
  471.79,   599.06,   603.39
  469.93,   599.59,   728.47
  476.63,   723.16,   477.57
  474.43,   723.77,   602.90
  471.45,   724.14,   727.67
  478.44,   848.05,   477.97
  475.93,   849.04,   602.76
  473.32,   849.67,   727.63
  599.62,   596.17,   481.56
  597.33,   596.75,   605.85
  594.22,   597.19,   731.06
  602.16,   721.42,   480.44
  599.36,   722.29,   606.11
  595.91,   722.18,   730.57
  603.86,   846.39,   480.59
  600.55,   847.55,   605.32
  598.37,   847.83,   730.21
  348.34,   600.25,   599.18
  349.76,   599.16,   723.92
  352.12,   597.22,   848.76
  351.04,   726.01,   601.18
  352.62,   723.67,   725.81
  354.47,   722.18,   851.16
  352.67,   850.48,   602.80
  354.85,   848.41,   728.19
  357.08,   846.87,   852.43
  473.49,   598.34,   597.16
  475.27,   595.96,   722.16
  477.57,   594.68,   846.84
  475.93,   722.81,   598.48
  477.96,   721.09,   724.06
  480.02,   719.48,   848.36
  477.69,   847.95,   600.84
  480.35,   845.78,   725.21
  482.23,   844.67,   850.97
  597.67,   595.63,   595.05
  600.61,   593.37,   719.91
  602.16,   592.00,   844.89
  600.44,   720.89,   596.35
  602.60,   718.30,   721.57
  604.94,   716.71,   846.60
  603.39,   845.81,   598.09
  605.56,   844.15,   723.48
  607.07,   841.51,   848.62
  475.15,   102.17,    98.73
  477.18,   103.03,   223.46
  479.15,   104.77,   348.72
  475.42,   226.49,    98.01
  477.02,   227.83,   222.08
  480.09,   229.00,   347.08
  475.45,   351.53,    96.36
  477.84,   353.07,   221.55
  480.31,   354.73,   345.93
  600.17,   102.11,    96.57
  601.75,   103.12,   221.89
  604.61,   104.21,   347.03
  600.44,   226.19,    95.66
  602.42,   227.99,   220.19
  604.71,   229.01,   345.17
  600.95,   351.85,    94.66
  602.76,   353.34,   219.55
  604.95,   353.92,   343.81
  724.65,   101.56,    94.74
  727.39,   103.06,   219.34
  728.86,   103.60,   344.47
  725.04,   226.80,    92.96
  727.60,   227.62,   218.37
  729.87,   229.15,   343.01
  725.61,   351.78,    91.91
  727.45,   352.86,   217.05
  729.67,   353.92,   342.20
  475.26,   101.53,   224.09
  477.97,   101.81,   348.54
  479.84,   102.04,   474.10
  474.72,   226.44,   224.21
  477.25,   226.78,   349.17
  479.13,   227.33,   473.47
  473.65,   351.43,   223.97
  476.11,   351.82,   348.64
  479.32,   352.34,   473.02
  600.44,   102.52,   221.25
  602.10,   103.19,   346.82
  605.24,   102.76,   471.86
  599.20,   227.15,   220.82
  602.20,   227.70,   346.55
  604.76,   227.70,   471.49
  598.91,   351.97,   220.79
  601.52,   352.73,   346.12
  603.46,   352.62,   470.72
  724.98,   103.47,   219.53
  727.83,   103.31,   343.86
  730.29,   103.72,   468.75
  723.98,   227.78,   218.99
  726.47,   228.70,   343.57
  729.51,   228.82,   468.79
  723.41,   352.53,   218.35
  726.22,   352.89,   343.16
  728.82,   353.74,   468.26
  474.14,    98.66,   348.98
  477.10,    97.30,   473.21
  480.29,    95.62,   598.36
  477.22,   223.75,   349.92
  480.18,   222.16,   475.66
  482.97,   220.72,   600.47
  480.68,   348.80,   352.02
  483.60,   347.47,   476.76
  486.10,   345.62,   602.17
  598.88,    96.20,   346.18
  601.69,    94.49,   470.63
  605.41,    92.93,   596.23
  602.45,   221.00,   347.41
  604.88,   219.31,   472.55
  608.39,   217.61,   597.08
  605.88,   345.93,   348.62
  608.23,   343.99,   474.16
  611.07,   342.72,   598.80
  723.99,    93.28,   342.97
  727.51,    91.05,   467.81
  729.57,    89.30,   592.67
  726.92,   217.31,   344.16
  730.08,   216.28,   469.05
  733.32,   214.86,   594.28
  730.83,   342.71,   346.61
  733.53,   341.18,   471.44
  736.02,   339.86,   596.33
  477.23,   102.17,   472.60
  477.57,    99.84,   597.84
  477.74,    98.44,   722.58
  475.77,   226.75,   474.82
  476.22,   224.90,   599.86
  476.60,   223.77,   724.42
  474.00,   351.83,   476.16
  474.60,   350.73,   600.69
  474.38,   348.33,   725.87
  601.61,   103.06,   472.89
  602.13,   101.39,   597.63
  602.40,    99.94,   722.37
  600.79,   227.95,   474.41
  600.62,   227.24,   599.23
  600.85,   225.33,   724.19
  598.35,   353.06,   475.40
  599.05,   351.70,   600.63
  599.36,   350.53,   725.22
  726.95,   104.85,   472.08
  727.26,   103.46,   597.31
  727.47,   102.37,   721.57
  724.90,   230.06,   473.76
  725.29,   228.49,   598.84
  726.43,   227.40,   723.09
  723.81,   354.60,   475.25
  724.56,   353.88,   600.23
  725.18,   351.82,   725.04
  473.75,   100.88,   601.81
  475.06,    99.36,   726.61
  476.05,    98.69,   852.12
  470.39,   225.26,   602.98
  471.90,   224.24,   728.27
  473.65,   223.70,   852.69
  466.67,   350.54,   603.92
  468.59,   350.12,   728.41
  469.87,   348.97,   853.83
  597.73,   103.77,   600.05
  600.05,   103.04,   725.03
  601.66,   102.05,   849.81
  595.44,   229.19,   601.35
  596.99,   228.21,   726.40
  598.22,   226.95,   851.52
  591.74,   353.28,   602.46
  593.43,   353.23,   726.83
  595.00,   352.27,   851.88
  722.71,   107.36,   598.49
  725.01,   106.26,   723.17
  726.70,   104.78,   848.65
  720.32,   231.69,   599.95
  721.95,   230.90,   724.94
  723.15,   229.73,   849.71
  716.58,   357.10,   600.41
  719.02,   356.01,   725.66
  720.31,   354.63,   850.72
  475.72,   224.98,    97.70
  477.29,   227.66,   223.38
  478.29,   229.47,   347.98
  476.60,   349.28,    95.73
  477.59,   352.22,   220.55
  478.28,   354.36,   345.27
  476.86,   474.13,    93.04
  477.59,   477.45,   217.97
  478.53,   480.02,   343.24
  601.14,   224.34,    96.86
  602.09,   227.16,   222.35
  603.29,   229.82,   347.12
  601.61,   348.95,    94.31
  602.37,   351.65,   219.34
  603.18,   354.39,   344.42
  601.67,   473.90,    92.35
  602.74,   476.54,   217.32
  603.39,   479.85,   342.35
  725.82,   224.49,    96.14
  726.96,   226.98,   221.25
  728.30,   229.34,   346.50
  726.52,   348.75,    93.43
  727.71,   351.72,   218.19
  728.16,   354.02,   343.50
  726.88,   474.48,    91.27
  727.42,   476.61,   215.80
  728.16,   479.43,   340.73
  474.73,   226.03,   225.52
  472.65,   229.59,   350.49
  469.81,   233.35,   475.46
  475.11,   351.01,   222.27
  472.40,   354.18,   347.49
  470.92,   358.19,   471.73
  475.03,   476.04,   217.98
  473.13,   478.95,   342.86
  470.94,   483.01,   468.08
  599.36,   225.78,   227.62
  597.25,   229.07,   352.57
  595.24,   233.37,   477.87
  600.20,   350.44,   224.83
  597.80,   354.41,   348.93
  595.04,   358.12,   474.50
  600.34,   475.24,   220.92
  598.39,   479.39,   345.85
  596.29,   482.58,   470.07
  724.71,   225.18,   230.25
  722.64,   228.90,   355.42
  719.81,   233.20,   479.95
  724.53,   349.83,   226.41
  722.89,   354.46,   351.11
  720.08,   358.09,   476.80
  725.09,   475.69,   222.49
  722.88,   478.92,   347.85
  721.15,   483.06,   472.26
  473.78,   225.94,   348.29
  469.96,   227.47,   473.47
  466.71,   228.11,   598.50
  477.21,   351.27,   347.79
  472.83,   351.96,   472.17
  469.27,   352.70,   597.94
  479.32,   475.49,   346.98
  475.99,   476.97,   471.76
  472.02,   477.77,   596.63
  598.72,   223.34,   351.98
  595.04,   224.28,   477.33
  591.82,   225.14,   602.75
  601.75,   347.69,   350.91
  597.97,   348.79,   475.99
  594.39,   349.86,   601.21
  604.41,   473.03,   349.96
  600.64,   474.45,   475.33
  596.74,   475.23,   600.10
  723.99,   220.50,   356.57
  719.88,   221.66,   480.62
  716.68,   222.28,   606.46
  726.65,   345.07,   354.96
  723.03,   346.65,   479.89
  718.76,   346.97,   605.51
  729.17,   470.39,   353.74
  726.22,   470.89,   479.11
  721.72,   472.47,   603.82
  476.62,   224.12,   475.25
  473.88,   226.33,   599.53
  471.96,   228.07,   724.55
  474.49,   348.69,   472.73
  471.25,   350.50,   598.16
  469.56,   353.24,   722.77
  472.21,   473.85,   470.70
  469.93,   476.23,   595.57
  467.52,   477.41,   721.40
  600.83,   226.54,   477.31
  598.63,   227.55,   601.79
  596.78,   230.43,   726.80
  599.37,   350.59,   474.82
  596.41,   353.42,   600.19
  594.40,   355.36,   725.27
  597.23,   475.78,   473.74
  594.83,   477.46,   598.36
  591.81,   479.62,   723.26
  725.93,   228.25,   479.65
  723.92,   230.34,   604.04
  721.76,   232.43,   729.07
  724.22,   352.90,   477.85
  721.76,   354.67,   602.43
  719.32,   357.30,   727.69
  722.03,   477.79,   475.93
  719.55,   479.64,   600.74
  716.70,   482.17,   725.66
  474.40,   223.43,   599.13
  473.10,   221.78,   724.17
  472.88,   219.95,   849.14
  475.72,   348.44,   601.57
  475.03,   346.69,   726.21
  474.06,   344.57,   851.18
  477.04,   473.44,   603.21
  476.62,   471.91,   728.29
  475.95,   468.99,   853.08
  598.77,   221.35,   599.84
  598.06,   219.75,   725.11
  597.56,   217.85,   849.50
  601.05,   346.95,   601.45
  600.21,   344.67,   727.03
  599.15,   342.48,   851.82
  601.96,   471.88,   603.47
  602.04,   469.23,   728.98
  601.36,   468.16,   853.72
  724.43,   220.09,   600.57
  723.33,   217.51,   725.73
  722.14,   216.30,   850.42
  725.90,   344.68,   602.97
  725.20,   342.62,   727.53
  724.18,   341.41,   852.46
  727.37,   469.89,   604.59
  727.06,   467.99,   729.42
  726.19,   465.67,   854.57
  475.90,   351.54,   100.90
  472.60,   351.96,   225.82
  469.03,   351.99,   350.34
  474.34,   476.80,   100.57
  471.14,   477.30,   225.05
  467.45,   476.96,   350.40
  472.98,   601.93,    99.91
  469.32,   602.09,   225.07
  466.52,   601.99,   349.53
  600.87,   353.19,   104.58
  597.02,   353.50,   229.85
  593.62,   353.30,   354.11
  599.30,   477.44,   103.80
  595.71,   478.30,   229.16
  592.25,   478.80,   354.10
  598.36,   603.26,   103.64
  595.04,   603.26,   228.62
  591.33,   603.46,   353.45
  725.57,   353.70,   108.10
  722.42,   354.32,   232.50
  718.32,   355.06,   357.90
  724.31,   478.87,   107.86
  720.49,   479.92,   232.40
  717.39,   480.20,   357.08
  723.40,   604.34,   106.88
  719.77,   604.37,   231.64
  716.42,   604.90,   356.75
  473.23,   348.29,   224.17
  469.56,   349.73,   349.48
  466.49,   351.04,   473.95
  471.34,   473.17,   222.26
  467.96,   473.90,   348.17
  464.76,   476.08,   472.37
  470.25,   598.36,   221.14
  466.69,   599.71,   346.13
  463.21,   600.53,   471.45
  597.94,   349.20,   227.21
  594.72,   350.51,   352.29
  590.91,   352.69,   477.65
  596.14,   474.47,   226.03
  592.77,   475.48,   351.01
  589.85,   476.82,   476.37
  594.99,   599.26,   224.25
  591.26,   600.73,   349.28
  588.33,   602.13,   474.33
  722.53,   350.74,   230.28
  719.20,   352.52,   355.26
  716.82,   353.69,   480.12
  720.97,   476.54,   229.56
  717.61,   477.17,   353.71
  715.00,   479.19,   479.17
  719.96,   600.79,   228.09
  716.04,   602.31,   352.84
  713.46,   603.97,   478.13
  476.22,   348.14,   350.38
  477.13,   345.01,   475.64
  478.05,   342.65,   600.65
  480.75,   473.14,   353.24
  481.44,   470.64,   478.25
  482.08,   467.64,   603.21
  484.20,   598.38,   356.76
  484.89,   594.98,   481.74
  485.34,   592.36,   606.34
  601.79,   344.37,   349.61
  602.54,   341.70,   474.54
  602.65,   339.08,   599.48
  605.53,   469.73,   352.71
  606.36,   466.89,   477.44
  607.00,   463.77,   602.17
  609.12,   594.85,   355.39
  610.18,   591.77,   480.56
  610.33,   588.16,   605.53
  726.36,   340.52,   348.44
  727.59,   337.58,   473.37
  728.18,   335.04,   598.30
  729.94,   466.30,   351.82
  731.30,   463.21,   476.64
  732.09,   459.37,   601.87
  733.97,   590.94,   354.30
  734.92,   588.15,   480.01
  735.81,   584.40,   604.94
  476.23,   349.45,   475.98
  474.38,   345.94,   601.35
  471.17,   343.64,   726.43
  478.74,   473.55,   478.85
  475.71,   471.52,   603.51
  473.69,   468.84,   728.51
  481.32,   598.70,   481.90
  478.71,   596.04,   606.36
  475.94,   594.15,   730.90
  601.22,   346.14,   478.62
  599.11,   344.04,   604.16
  596.45,   341.19,   728.49
  604.20,   471.11,   480.95
  600.98,   469.33,   606.22
  598.67,   466.14,   731.49
  606.35,   596.53,   484.14
  603.38,   593.83,   608.64
  600.97,   591.26,   733.94
  726.81,   343.89,   481.26
  724.05,   341.64,   606.46
  720.88,   338.67,   730.96
  729.08,   468.92,   484.36
  725.92,   466.89,   609.17
  723.44,   464.32,   733.67
  731.04,   594.42,   486.46
  728.87,   591.66,   611.42
  726.10,   589.03,   736.37
  475.14,   348.13,   599.88
  478.21,   348.05,   724.05
  481.32,   346.61,   848.91
  477.24,   473.20,   600.34
  480.21,   472.74,   724.88
  483.70,   471.60,   849.75
  478.66,   598.91,   601.21
  482.09,   597.15,   725.93
  485.59,   596.76,   851.36
  600.20,   346.39,   596.49
  603.78,   345.63,   720.98
  606.52,   345.03,   846.50
  601.73,   471.05,   597.16
  605.01,   470.96,   722.10
  608.84,   469.73,   846.91
  604.53,   596.93,   598.15
  606.97,   595.92,   722.39
  610.52,   594.83,   847.98
  724.87,   344.50,   592.90
  727.97,   343.55,   717.72
  731.91,   343.17,   843.18
  727.18,   470.03,   594.05
  730.67,   468.90,   718.82
  734.04,   468.01,   843.19
  729.19,   594.96,   594.68
  732.42,   593.22,   719.33
  736.04,   592.95,   844.86
  473.92,   475.81,    99.47
  471.44,   478.79,   223.97
  469.98,   481.95,   348.72
  470.51,   601.01,    96.15
  468.99,   604.02,   220.53
  466.76,   606.89,   345.96
  467.56,   725.13,    92.98
  465.77,   728.38,   218.06
  463.48,   731.47,   342.20
  599.01,   478.88,   101.78
  596.21,   482.16,   225.99
  594.46,   485.40,   351.32
  595.61,   603.98,    97.89
  593.19,   606.60,   223.33
  590.84,   609.85,   348.47
  592.09,   728.58,    94.70
  590.60,   731.73,   220.10
  588.47,   735.03,   344.66
  723.66,   481.95,   103.53
  721.81,   485.66,   227.99
  719.21,   488.68,   353.18
  720.97,   606.94,    99.81
  718.59,   610.55,   224.91
  715.76,   613.94,   349.59
  717.62,   731.75,    96.43
  714.97,   735.62,   221.40
  713.07,   738.81,   347.09
  473.95,   473.01,   224.56
  471.05,   473.33,   349.26
  466.74,   473.72,   474.69
  475.97,   598.40,   224.12
  472.33,   598.47,   349.52
  469.19,   598.63,   473.63
  477.83,   723.28,   223.50
  475.22,   723.70,   349.02
  471.36,   724.09,   473.62
  598.84,   471.27,   227.89
  595.14,   471.62,   353.11
  591.96,   471.69,   477.50
  600.85,   596.11,   227.56
  597.50,   596.56,   352.82
  594.11,   596.12,   477.46
  602.98,   720.44,   227.29
  600.15,   721.24,   352.06
  596.63,   721.23,   477.78
  723.84,   468.66,   231.51
  720.89,   469.39,   356.39
  717.29,   469.06,   480.89
  726.33,   593.41,   230.70
  722.31,   594.55,   355.90
  718.69,   594.43,   481.47
  728.28,   718.54,   230.50
  724.60,   718.93,   356.23
  721.27,   719.18,   481.16
  473.23,   474.37,   348.49
  469.92,   471.15,   473.83
  466.92,   468.82,   598.65
  476.78,   599.86,   351.53
  473.74,   596.18,   476.84
  470.38,   593.10,   601.88
  480.74,   724.84,   355.33
  476.93,   720.96,   480.26
  473.31,   718.51,   605.07
  598.62,   471.02,   351.80
  594.71,   467.69,   476.72
  591.70,   464.55,   602.44
  601.88,   595.80,   355.73
  598.59,   593.18,   480.26
  595.23,   589.72,   605.10
  605.20,   721.01,   358.41
  602.25,   717.53,   483.24
  597.81,   715.07,   608.67
  723.05,   467.59,   355.95
  719.87,   464.56,   480.54
  715.81,   461.83,   605.07
  726.45,   592.68,   358.46
  722.93,   589.76,   484.23
  719.85,   586.49,   608.76
  730.69,   717.07,   361.93
  726.76,   714.62,   486.85
  723.08,   711.73,   612.20
  474.75,   476.60,   473.87
  470.95,   477.04,   599.60
  468.02,   477.46,   723.86
  477.25,   601.76,   473.71
  473.54,   602.21,   598.69
  471.11,   602.20,   723.80
  478.89,   726.33,   473.18
  476.35,   726.81,   598.32
  473.10,   727.41,   723.90
  598.85,   474.42,   477.59
  596.20,   474.89,   601.92
  593.42,   475.13,   727.52
  601.86,   599.58,   476.80
  598.52,   599.83,   601.31
  595.88,   599.79,   726.93
  604.43,   724.06,   476.85
  600.75,   724.96,   601.85
  598.02,   724.77,   726.23
  724.11,   471.46,   480.00
  721.63,   472.20,   604.61
  718.40,   472.95,   730.04
  726.48,   596.77,   479.42
  723.82,   597.57,   605.13
  720.80,   597.93,   729.40
  729.01,   721.76,   479.11
  726.39,   721.79,   604.27
  723.47,   722.16,   729.69
  473.40,   475.20,   599.39
  470.43,   472.44,   724.69
  466.91,   469.68,   849.63
  474.31,   601.09,   602.69
  471.90,   598.04,   727.55
  468.32,   594.13,   853.12
  476.45,   725.82,   606.09
  472.51,   722.78,   730.69
  469.39,   719.74,   856.07
  598.30,   473.66,   603.28
  595.26,   471.30,   728.37
  591.35,   468.38,   853.03
  599.08,   599.11,   605.90
  596.11,   596.02,   730.99
  593.11,   592.99,   855.72
  601.15,   724.27,   609.07
  598.36,   721.24,   734.45
  594.71,   717.58,   858.65
  722.66,   473.03,   605.82
  719.74,   469.39,   731.37
  716.98,   466.23,   856.01
  724.68,   597.25,   609.54
  721.57,   594.93,   733.96
  718.38,   590.97,   859.27
  725.68,   722.13,   612.49
  722.74,   719.48,   737.68
  720.02,   716.14,   862.03
  474.16,   601.12,   101.46
  471.03,   603.91,   226.47
  467.58,   606.78,   351.36
  471.94,   725.99,    99.19
  468.92,   728.87,   224.14
  465.10,   731.49,   349.08
  469.39,   851.49,    96.36
  466.21,   854.26,   220.70
  462.49,   857.24,   345.74
  599.85,   604.49,   105.11
  595.52,   606.40,   230.47
  592.51,   609.16,   355.10
  597.25,   728.76,   102.19
  593.93,   731.45,   227.83
  590.18,   734.52,   352.65
  594.71,   853.77,    99.45
  591.00,   856.39,   225.04
  587.83,   859.03,   349.52
  724.04,   606.24,   109.19
  720.57,   609.33,   233.38
  717.43,   612.08,   359.03
  721.80,   731.36,   105.90
  718.83,   733.67,   231.06
  715.08,   737.10,   355.38
  719.55,   856.41,   103.08
  716.48,   859.05,   228.32
  712.14,   862.10,   352.68
  474.75,   599.77,   225.09
  474.25,   598.13,   350.48
  473.67,   595.86,   475.73
  477.13,   725.64,   227.25
  476.51,   722.82,   352.56
  475.63,   720.64,   477.31
  479.96,   850.15,   229.67
  479.16,   848.15,   354.53
  478.49,   845.58,   479.52
  599.65,   597.97,   225.55
  598.89,   595.89,   351.00
  597.92,   593.53,   475.61
  602.52,   722.60,   228.06
  602.02,   719.88,   353.64
  600.97,   718.13,   478.00
  605.09,   847.84,   230.88
  604.39,   844.89,   355.27
  603.82,   843.06,   480.75
  724.83,   595.14,   227.20
  724.04,   592.93,   351.46
  723.19,   590.71,   476.80
  727.53,   720.35,   229.10
  726.67,   717.68,   353.89
  726.18,   715.58,   479.39
  730.31,   845.34,   231.18
  729.00,   843.35,   356.00
  728.53,   840.74,   481.72
  473.69,   598.40,   348.63
  470.71,   597.20,   472.73
  467.83,   595.51,   598.26
  475.38,   723.60,   350.30
  473.23,   721.94,   475.20
  469.70,   720.66,   600.03
  478.13,   848.47,   351.60
  474.38,   847.13,   476.57
  472.27,   844.78,   601.46
  598.30,   595.88,   351.29
  595.78,   594.23,   476.52
  593.01,   592.67,   600.84
  600.48,   720.85,   352.83
  597.31,   720.10,   477.79
  594.33,   717.97,   603.22
  603.20,   846.35,   355.15
  600.06,   845.13,   479.47
  596.30,   842.64,   604.39
  724.08,   594.07,   353.98
  720.84,   592.62,   479.59
  717.06,   590.89,   604.14
  725.43,   719.54,   356.17
  723.10,   717.63,   480.73
  719.42,   716.24,   605.48
  727.72,   844.35,   357.26
  724.64,   842.26,   482.66
  721.70,   841.21,   607.97
  477.17,   598.81,   475.28
  476.97,   603.36,   600.65
  477.03,   606.21,   724.91
  479.16,   724.58,   471.77
  479.09,   727.72,   596.78
  479.58,   731.64,   721.22
  482.21,   849.36,   467.78
  481.62,   853.02,   593.40
  482.39,   856.57,   718.22
  601.76,   596.77,   475.47
  602.17,   600.92,   599.88
  602.29,   604.58,   725.11
  604.53,   721.46,   471.94
  604.81,   725.50,   596.47
  604.28,   729.42,   721.14
  607.04,   846.11,   467.91
  606.73,   850.54,   592.69
  606.55,   853.57,   717.91
  727.06,   594.41,   475.22
  726.50,   597.73,   600.48
  727.10,   602.13,   724.92
  728.82,   719.15,   471.38
  729.72,   722.89,   596.27
  729.46,   727.01,   722.02
  732.13,   844.49,   467.78
  731.63,   847.65,   592.91
  731.67,   851.76,   717.89
  476.43,   599.66,   602.17
  475.84,   601.72,   726.41
  473.58,   604.29,   851.44
  475.09,   724.97,   599.12
  472.87,   726.59,   723.87
  471.58,   729.63,   848.97
  473.20,   850.01,   597.19
  471.40,   852.39,   721.93
  469.76,   854.12,   846.52
  601.91,   601.92,   603.64
  600.39,   604.25,   727.83
  599.19,   607.00,   853.59
  599.86,   726.73,   600.59
  598.45,   728.61,   725.63
  597.05,   731.18,   850.25
  597.45,   851.54,   598.37
  596.26,   854.37,   722.93
  594.82,   856.86,   848.48
  726.68,   603.81,   604.24
  725.61,   605.84,   729.49
  724.24,   608.22,   854.92
  724.70,   728.43,   601.81
  723.37,   730.97,   727.16
  721.43,   733.35,   852.18
  722.78,   853.86,   600.26
  721.03,   855.78,   724.67
  719.71,   858.01,   849.34
  600.10,    98.47,    98.23
  599.31,    96.05,   223.49
  597.44,    94.13,   348.85
  602.08,   223.91,   100.56
  600.98,   221.58,   226.16
  599.16,   218.85,   351.25
  604.56,   348.29,   103.86
  602.36,   346.48,   228.46
  601.40,   343.65,   353.56
  725.36,    96.34,   100.19
  723.74,    94.38,   225.50
  722.08,    92.12,   350.01
  727.62,   221.23,   102.61
  726.24,   219.60,   227.00
  723.89,   216.94,   352.73
  729.50,   346.83,   104.90
  727.65,   344.10,   230.22
  726.18,   341.53,   354.87
  850.70,    95.13,   101.30
  848.76,    91.99,   226.54
  846.97,    90.32,   351.22
  852.30,   219.64,   103.83
  850.92,   217.76,   229.04
  849.42,   214.55,   353.92
  854.00,   344.18,   106.66
  852.58,   342.26,   231.49
  850.67,   340.10,   356.49
  601.68,   101.80,   223.18
  601.32,   101.57,   348.84
  600.66,   100.31,   473.87
  603.65,   226.09,   223.94
  602.84,   225.76,   348.92
  602.76,   226.16,   473.97
  605.03,   351.85,   224.51
  604.82,   351.17,   349.86
  603.97,   350.44,   474.98
  726.41,    99.91,   224.20
  725.83,    99.33,   349.58
  725.77,    99.60,   474.65
  728.46,   224.87,   224.39
  727.45,   224.29,   349.44
  727.73,   224.05,   474.42
  729.51,   350.14,   225.12
  728.99,   349.74,   349.76
  728.74,   349.48,   474.60
  851.85,    98.61,   224.29
  851.53,    98.06,   349.64
  850.69,    97.98,   474.98
  853.47,   223.83,   225.56
  852.78,   222.97,   349.73
  852.13,   222.13,   475.62
  854.92,   348.75,   225.94
  854.37,   347.66,   350.95
  853.58,   347.90,   475.85
  600.06,    98.22,   350.57
  600.57,    99.78,   475.45
  600.42,   101.88,   601.02
  597.25,   222.96,   348.67
  597.29,   224.55,   473.75
  597.78,   226.15,   598.58
  593.72,   348.25,   347.06
  594.17,   349.96,   472.63
  594.35,   350.94,   597.59
  725.15,   101.09,   350.78
  725.72,   102.98,   475.14
  725.69,   104.72,   599.92
  721.85,   226.12,   348.65
  721.98,   228.44,   473.32
  722.31,   229.48,   598.31
  718.13,   351.86,   347.37
  718.93,   352.71,   472.40
  718.78,   355.10,   596.77
  849.87,   104.54,   350.31
  850.31,   106.45,   474.66
  850.30,   108.81,   599.77
  846.24,   230.17,   347.90
  847.55,   231.58,   473.57
  846.93,   232.84,   598.68
  843.28,   354.56,   346.77
  844.00,   356.42,   471.34
  843.96,   357.80,   596.95
  597.89,   101.58,   475.44
  600.70,   103.68,   600.72
  602.36,   105.26,   725.69
  600.12,   227.17,   473.54
  602.17,   228.06,   598.86
  604.64,   230.27,   723.43
  602.09,   351.48,   471.32
  603.78,   353.25,   597.22
  606.23,   354.83,   722.03
  722.61,    99.89,   473.45
  725.12,   101.88,   598.07
  727.51,   103.67,   723.34
  724.77,   225.28,   471.24
  727.16,   226.95,   595.96
  729.60,   228.37,   721.45
  726.35,   350.07,   469.99
  728.62,   351.32,   594.91
  731.50,   353.28,   719.20
  848.20,    98.23,   470.62
  849.91,   100.25,   596.39
  852.20,   101.75,   721.35
  849.40,   222.58,   469.70
  851.91,   224.69,   594.33
  853.88,   226.63,   719.22
  851.94,   348.28,   466.99
  853.60,   350.08,   592.52
  855.79,   350.96,   717.77
  600.91,    98.34,   598.29
  598.97,   102.16,   723.43
  597.74,   105.61,   847.92
  599.57,   223.20,   595.04
  598.53,   227.41,   719.10
  596.97,   230.70,   844.30
  599.43,   348.73,   590.89
  597.21,   351.73,   715.89
  595.45,   355.98,   840.74
  725.85,    99.07,   599.66
  723.74,   102.85,   724.81
  723.00,   106.25,   849.67
  724.78,   224.35,   596.39
  723.11,   228.01,   720.70
  721.59,   231.74,   845.86
  724.22,   348.90,   592.99
  722.18,   353.25,   718.01
  720.80,   356.20,   842.87
  850.68,   100.55,   601.15
  849.50,   104.02,   726.03
  847.24,   107.80,   850.84
  849.63,   225.34,   597.48
  848.02,   228.61,   722.49
  846.63,   232.25,   848.01
  848.77,   350.30,   593.95
  847.33,   353.45,   718.60
  845.58,   356.87,   843.92
  601.06,   224.02,    99.79
  598.56,   224.62,   224.69
  595.35,   225.02,   349.68
  599.55,   348.53,    98.76
  596.43,   349.85,   223.68
  593.83,   350.66,   348.22
  597.56,   473.81,    97.42
  594.68,   474.21,   222.95
  592.44,   475.28,   347.30
  725.40,   225.29,   102.37
  723.03,   225.73,   226.93
  720.90,   227.26,   351.97
  724.23,   350.69,   101.25
  721.42,   351.39,   225.66
  718.96,   352.32,   350.74
  722.27,   475.59,   100.28
  720.01,   475.75,   225.08
  717.65,   477.34,   349.72
  850.98,   227.16,   104.06
  848.31,   228.24,   229.60
  845.85,   228.35,   354.68
  849.46,   352.12,   103.18
  847.00,   352.68,   228.12
  843.68,   353.80,   353.66
  847.49,   477.13,   102.22
  844.65,   478.31,   227.83
  842.60,   478.99,   352.62
  599.95,   224.50,   223.53
  598.06,   221.21,   347.75
  596.98,   219.47,   473.02
  596.76,   349.58,   225.03
  595.17,   346.38,   349.96
  594.09,   344.32,   475.43
  593.88,   473.62,   228.00
  592.54,   471.83,   353.19
  590.43,   468.96,   478.20
  725.30,   227.16,   225.04
  723.40,   224.89,   350.11
  721.38,   222.54,   474.35
  722.54,   352.08,   226.87
  720.65,   349.84,   352.40
  718.29,   346.91,   477.38
  719.66,   477.43,   229.47
  717.20,   474.43,   355.11
  715.39,   471.92,   479.54
  849.91,   230.00,   226.34
  848.57,   227.74,   351.31
  846.00,   225.12,   476.34
  847.43,   354.52,   228.93
  845.34,   352.73,   353.72
  843.38,   349.93,   479.21
  843.73,   480.22,   232.05
  842.48,   477.79,   356.55
  840.98,   474.89,   481.50
  599.29,   224.36,   351.57
  600.96,   228.01,   476.64
  603.27,   230.98,   601.61
  599.75,   349.77,   348.87
  601.95,   352.32,   473.40
  604.54,   355.36,   598.68
  601.85,   474.08,   344.69
  603.70,   477.52,   469.96
  605.44,   481.21,   594.64
  724.09,   223.23,   349.21
  726.00,   226.23,   474.40
  728.13,   229.14,   599.33
  725.49,   347.96,   345.85
  727.17,   351.39,   470.79
  729.45,   354.91,   595.71
  726.07,   472.70,   342.78
  728.71,   476.01,   467.84
  730.64,   479.17,   592.59
  848.74,   222.05,   347.06
  850.61,   225.00,   472.79
  852.95,   228.54,   597.68
  849.69,   346.65,   344.10
  852.75,   350.20,   469.20
  854.87,   353.59,   594.35
  851.38,   472.26,   340.91
  853.14,   475.01,   465.39
  855.90,   477.87,   591.14
  599.98,   225.45,   476.36
  597.62,   227.62,   601.02
  594.96,   229.69,   726.41
  596.67,   350.28,   474.14
  593.21,   352.69,   599.57
  590.74,   354.32,   724.74
  592.73,   475.66,   472.20
  589.95,   477.58,   598.06
  586.97,   479.62,   722.49
  725.06,   229.02,   478.87
  722.57,   231.65,   604.33
  719.87,   232.84,   729.31
  721.13,   354.26,   476.71
  718.14,   355.66,   602.30
  715.90,   357.85,   727.21
  718.12,   478.87,   474.94
  715.09,   481.07,   600.04
  712.15,   482.83,   725.18
  849.59,   232.76,   481.96
  846.83,   234.45,   606.30
  844.63,   236.21,   731.98
  846.25,   357.56,   479.82
  843.84,   359.52,   604.91
  840.79,   361.16,   730.12
  842.20,   482.39,   477.44
  840.04,   484.89,   602.86
  837.01,   486.76,   727.96
  599.48,   224.46,   598.34
  602.70,   227.89,   722.52
  606.45,   230.87,   847.86
  600.11,   349.86,   594.62
  603.20,   352.40,   719.81
  606.47,   356.27,   844.08
  600.90,   474.50,   591.27
  603.92,   477.86,   715.74
  607.27,   481.32,   841.06
  724.65,   223.75,   595.16
  727.64,   227.26,   720.23
  730.86,   230.23,   845.05
  725.47,   348.49,   591.67
  728.73,   351.73,   716.49
  732.00,   355.09,   841.50
  726.17,   473.70,   588.35
  728.95,   476.99,   713.06
  732.41,   480.30,   838.34
  849.80,   223.07,   592.38
  852.96,   226.41,   716.68
  856.12,   229.96,   842.16
  850.05,   348.47,   588.55
  853.34,   351.84,   713.77
  856.30,   354.42,   838.60
  850.75,   472.55,   585.36
  854.30,   475.89,   710.14
  857.18,   479.44,   835.26
  598.67,   349.55,   101.24
  597.47,   347.46,   225.90
  595.30,   346.04,   351.20
  597.76,   473.83,   103.15
  595.64,   472.05,   227.40
  594.42,   470.53,   352.50
  596.20,   599.30,   104.14
  595.07,   597.03,   229.29
  593.17,   595.71,   354.67
  723.62,   350.20,   102.50
  722.44,   348.47,   228.21
  720.75,   346.79,   352.74
  723.14,   475.45,   104.36
  720.98,   473.89,   229.88
  719.16,   471.83,   354.10
  721.70,   600.44,   106.47
  720.17,   598.18,   231.03
  718.11,   597.05,   356.33
  848.50,   350.75,   104.99
  847.17,   349.10,   229.17
  844.95,   347.75,   354.14
  848.07,   476.18,   105.75
  846.03,   474.25,   231.61
  844.30,   472.74,   356.22
  846.51,   601.40,   107.37
  844.60,   599.81,   233.07
  843.68,   597.90,   357.65
  599.45,   349.69,   224.73
  596.09,   348.56,   349.75
  593.24,   348.43,   474.17
  599.33,   474.68,   225.57
  595.32,   473.30,   349.75
  593.01,   473.56,   474.75
  598.08,   599.65,   226.03
  595.29,   598.32,   350.54
  592.08,   598.34,   475.80
  724.73,   350.15,   228.19
  721.34,   348.86,   353.25
  718.52,   349.23,   477.35
  723.96,   474.77,   228.68
  721.16,   474.35,   353.51
  717.25,   473.61,   478.82
  723.62,   599.75,   228.91
  719.72,   598.94,   353.91
  717.33,   599.22,   479.23
  849.52,   350.12,   231.02
  846.70,   349.86,   356.36
  843.35,   349.61,   480.83
  848.42,   475.64,   231.40
  845.51,   474.82,   356.34
  842.07,   474.14,   481.89
  848.64,   600.29,   232.39
  845.19,   599.46,   357.51
  842.19,   599.35,   481.63
  598.40,   351.83,   349.95
  598.56,   355.41,   475.17
  598.60,   358.56,   599.89
  601.42,   476.39,   346.02
  602.34,   480.22,   471.10
  601.62,   483.65,   595.89
  605.20,   601.74,   343.15
  605.77,   604.42,   467.60
  605.70,   608.13,   593.27
  722.54,   348.22,   349.49
  723.54,   351.37,   474.41
  722.78,   354.41,   599.58
  727.00,   472.57,   346.15
  726.94,   476.43,   471.51
  727.25,   479.42,   596.77
  730.96,   597.97,   343.01
  731.05,   601.14,   468.42
  730.74,   604.46,   592.97
  847.64,   344.06,   350.19
  847.71,   347.29,   474.78
  847.86,   350.77,   599.75
  852.00,   469.34,   346.81
  851.95,   472.80,   471.63
  852.10,   476.37,   596.68
  855.22,   594.37,   342.87
  855.20,   597.01,   467.79
  855.54,   600.85,   592.42
  599.03,   351.98,   474.24
  602.68,   348.98,   599.43
  606.11,   345.82,   724.60
  599.05,   476.42,   477.51
  603.22,   473.66,   602.38
  607.11,   470.15,   727.32
  600.38,   601.31,   480.22
  604.17,   598.16,   605.81
  607.17,   595.34,   730.53
  723.71,   351.27,   470.75
  727.55,   348.45,   595.31
  730.69,   345.19,   720.91
  724.11,   476.03,   473.72
  728.12,   473.23,   598.64
  732.02,   469.63,   723.74
  725.52,   601.37,   477.08
  729.13,   597.83,   601.58
  732.87,   594.78,   726.68
  848.45,   350.49,   466.85
  852.45,   347.27,   591.53
  855.49,   343.92,   716.53
  849.13,   475.14,   470.45
  852.47,   472.41,   595.02
  856.27,   468.92,   720.38
  849.57,   600.28,   473.11
  853.84,   597.30,   597.73
  857.23,   594.38,   722.74
  599.73,   349.32,   601.34
  601.04,   349.34,   727.05
  602.41,   350.91,   851.72
  602.74,   474.07,   601.05
  603.94,   474.28,   725.83
  605.52,   475.87,   850.73
  606.16,   598.33,   600.24
  607.14,   599.59,   725.38
  608.32,   600.48,   850.41
  724.67,   345.64,   600.94
  726.35,   346.34,   725.82
  726.91,   346.96,   850.82
  727.60,   471.24,   600.04
  729.10,   471.23,   724.47
  730.11,   471.97,   849.40
  730.63,   596.26,   599.36
  731.94,   596.61,   724.33
  733.15,   596.98,   848.95
  850.14,   343.32,   600.04
  851.01,   343.39,   724.32
  852.53,   344.60,   849.45
  852.67,   467.47,   598.90
  853.58,   468.19,   723.94
  854.81,   469.11,   849.16
  855.76,   592.63,   597.83
  856.86,   593.22,   722.72
  858.39,   594.23,   848.00
  601.02,   475.84,    98.35
  599.72,   476.40,   223.62
  598.07,   476.81,   348.19
  601.96,   601.40,    98.05
  600.41,   601.29,   222.71
  599.48,   602.00,   347.97
  603.09,   726.02,    97.22
  601.51,   726.62,   222.63
  600.99,   727.47,   347.23
  726.00,   474.79,   100.14
  724.26,   475.32,   224.94
  723.13,   476.27,   349.20
  726.97,   600.05,    99.49
  725.40,   600.31,   223.78
  724.20,   600.69,   349.23
  728.30,   725.18,    98.25
  726.51,   725.79,   223.35
  726.14,   725.66,   348.71
  850.36,   473.75,   100.61
  849.79,   473.68,   226.24
  848.44,   474.30,   350.74
  851.55,   599.02,   100.63
  851.08,   599.04,   225.60
  849.27,   599.57,   350.37
  852.78,   723.23,   100.08
  852.04,   724.46,   225.02
  851.26,   724.38,   350.05
  600.85,   475.11,   224.43
  599.69,   472.91,   349.57
  599.48,   470.92,   474.53
  602.16,   600.17,   226.51
  601.90,   597.55,   351.45
  601.48,   595.43,   477.14
  603.65,   725.12,   229.67
  603.14,   722.74,   353.74
  602.28,   720.94,   478.99
  726.05,   473.81,   225.56
  724.81,   471.78,   350.03
  724.24,   469.65,   475.19
  727.39,   598.88,   227.61
  726.59,   596.52,   352.54
  726.25,   594.36,   476.87
  728.77,   723.25,   229.79
  728.51,   721.48,   355.13
  727.48,   718.94,   479.98
  850.84,   472.55,   225.56
  849.70,   469.87,   350.14
  849.86,   467.53,   475.99
  852.11,   596.99,   227.92
  851.56,   594.59,   353.07
  851.22,   592.39,   477.68
  853.14,   722.24,   229.83
  852.96,   719.88,   354.67
  852.39,   717.71,   480.27
  601.78,   473.38,   350.92
  600.59,   469.92,   476.12
  599.66,   466.96,   601.12
  600.72,   598.60,   354.69
  599.37,   595.75,   479.37
  598.59,   591.82,   604.54
  598.85,   724.04,   358.09
  598.94,   720.58,   482.85
  597.55,   716.55,   608.39
  726.10,   474.49,   351.88
  725.43,   471.56,   476.63
  724.89,   468.30,   601.70
  725.22,   599.71,   355.62
  724.63,   596.48,   480.73
  723.71,   593.16,   605.54
  724.01,   724.73,   358.43
  723.39,   721.64,   484.03
  723.17,   717.97,   608.27
  851.58,   476.08,   352.70
  850.76,   472.09,   477.85
  850.02,   468.79,   602.51
  850.63,   600.62,   356.08
  849.41,   596.91,   480.65
  848.94,   594.20,   605.94
  848.87,   725.38,   359.02
  848.61,   722.27,   484.44
  847.84,   718.91,   609.12
  601.28,   474.58,   476.59
  602.38,   472.13,   601.75
  603.25,   469.68,   727.08
  601.32,   600.03,   478.85
  602.21,   597.70,   603.71
  603.44,   595.28,   728.81
  600.71,   724.55,   481.27
  602.10,   721.95,   606.59
  602.67,   719.67,   731.04
  726.13,   474.28,   476.14
  726.49,   471.88,   601.11
  728.47,   469.54,   726.11
  725.70,   599.33,   478.08
  727.31,   596.88,   603.04
  727.59,   594.55,   727.86
  725.66,   724.68,   480.60
  727.01,   722.41,   605.22
  727.51,   719.75,   730.09
  850.56,   474.51,   474.49
  851.51,   472.51,   599.86
  853.18,   469.61,   724.38
  850.99,   599.91,   477.29
  851.73,   597.81,   601.51
  852.81,   595.05,   727.39
  851.23,   724.33,   479.68
  852.26,   721.96,   603.80
  853.37,   719.68,   729.08
  599.28,   476.21,   600.25
  600.59,   477.07,   725.86
  602.89,   478.39,   850.07
  600.27,   601.51,   600.10
  601.78,   601.73,   724.97
  603.23,   603.08,   849.90
  600.46,   726.62,   598.51
  601.90,   726.69,   723.92
  603.71,   727.59,   849.21
  724.28,   475.94,   598.52
  726.45,   476.49,   723.83
  727.81,   477.11,   848.81
  725.10,   600.86,   598.18
  726.58,   601.83,   723.14
  727.94,   602.34,   848.30
  725.48,   725.82,   597.45
  727.06,   727.07,   722.16
  728.84,   727.52,   847.12
  849.74,   475.57,   596.96
  850.55,   476.45,   722.11
  852.17,   477.16,   847.58
  850.21,   600.70,   596.97
  851.48,   600.98,   721.11
  853.22,   601.79,   846.12
  850.70,   725.77,   595.43
  852.02,   725.98,   720.74
  853.40,   727.31,   845.63
  601.06,   600.06,    99.73
  600.70,   597.56,   224.96
  600.62,   595.34,   349.72
  599.70,   725.36,   102.41
  599.46,   722.87,   227.22
  598.80,   720.19,   352.33
  598.25,   850.29,   105.08
  597.19,   847.96,   229.60
  596.78,   844.78,   355.08
  725.91,   602.24,   100.00
  725.11,   599.31,   224.77
  725.33,   596.94,   350.12
  723.86,   726.36,   102.32
  723.88,   724.02,   227.42
  723.28,   721.67,   352.46
  722.84,   851.23,   105.13
  722.84,   849.27,   229.70
  721.98,   846.79,   355.12
  850.84,   603.56,    99.75
  850.56,   601.03,   225.13
  850.17,   597.91,   350.14
  848.93,   728.59,   102.35
  848.75,   725.97,   228.02
  848.65,   722.69,   352.57
  848.32,   852.76,   104.91
  847.56,   850.60,   230.49
  846.94,   848.30,   355.37
  599.84,   599.58,   225.73
  602.27,   600.88,   350.99
  604.12,   602.21,   475.85
  601.56,   723.88,   224.42
  604.07,   725.51,   348.71
  605.51,   726.47,   474.60
  603.93,   849.08,   222.76
  605.77,   850.60,   347.52
  607.53,   851.56,   473.22
  724.46,   597.86,   223.53
  727.10,   598.72,   348.35
  729.23,   600.43,   473.37
  726.19,   722.67,   222.15
  729.02,   723.95,   347.34
  730.89,   725.29,   471.90
  728.60,   847.85,   221.29
  730.46,   848.88,   345.63
  732.77,   850.34,   471.05
  850.02,   595.17,   222.17
  851.51,   597.15,   346.59
  854.06,   598.21,   471.36
  851.76,   720.43,   220.74
  853.16,   721.91,   345.22
  855.26,   723.44,   470.12
  853.61,   846.09,   219.23
  854.92,   846.68,   343.91
  857.52,   848.08,   468.99
  598.87,   600.54,   349.81
  601.29,   604.00,   474.89
  603.74,   608.10,   599.32
  602.35,   725.57,   345.84
  604.98,   729.53,   470.85
  608.28,   732.43,   595.36
  606.43,   850.11,   342.63
  609.11,   854.48,   467.62
  611.01,   857.97,   591.70
  723.77,   596.84,   347.52
  725.99,   600.35,   472.39
  729.53,   604.28,   596.69
  727.32,   722.11,   343.52
  729.55,   725.22,   468.10
  732.72,   728.83,   593.41
  731.39,   847.10,   339.32
  733.86,   850.46,   464.94
  736.74,   854.32,   589.76
  848.48,   593.25,   344.72
  851.18,   596.41,   469.82
  853.49,   600.50,   594.73
  852.06,   717.72,   340.36
  854.47,   721.66,   465.85
  858.09,   725.16,   590.26
  856.05,   842.43,   336.78
  858.97,   846.21,   461.93
  861.31,   850.40,   587.41
  599.83,   601.08,   476.51
  602.46,   599.16,   601.96
  604.95,   597.32,   726.28
  602.04,   726.18,   478.49
  603.95,   724.18,   603.36
  606.47,   722.15,   728.26
  603.94,   851.02,   479.92
  605.96,   849.53,   604.42
  608.80,   847.48,   730.36
  725.44,   599.01,   474.23
  727.50,   597.83,   599.36
  730.49,   596.07,   723.63
  727.30,   724.15,   476.19
  729.52,   722.27,   601.08
  731.46,   720.97,   725.57
  728.53,   849.14,   477.52
  730.65,   847.77,   602.14
  732.93,   845.59,   727.39
  850.30,   597.20,   472.08
  852.84,   596.24,   597.06
  855.01,   593.69,   721.98
  851.40,   722.33,   473.00
  854.33,   720.84,   598.13
  856.49,   718.65,   723.71
  853.73,   847.14,   475.57
  856.30,   845.90,   600.07
  858.15,   843.73,   725.50
  600.82,   600.37,   598.83
  603.83,   598.50,   723.37
  606.14,   597.72,   848.97
  604.45,   725.34,   600.01
  606.90,   724.23,   725.54
  609.79,   721.73,   850.10
  608.27,   850.60,   602.05
  610.57,   848.56,   727.04
  613.05,   847.48,   851.73
  726.27,   596.48,   595.83
  728.51,   594.85,   721.72
  731.04,   593.65,   846.38
  729.40,   722.21,   598.24
  732.05,   720.13,   722.94
  734.63,   718.99,   848.03
  733.67,   846.28,   599.73
  735.94,   845.15,   724.59
  738.53,   843.97,   849.72
  851.02,   593.07,   593.42
  853.19,   591.96,   718.53
  855.52,   590.08,   843.40
  854.74,   718.61,   595.27
  857.37,   716.93,   720.60
  859.56,   714.97,   845.31
  857.93,   843.06,   596.86
  860.80,   841.06,   722.07
  862.79,   840.35,   847.18
