27, 125, pa2-debug-f-output1.txt
  195.59,   207.57,   198.65
  402.25,   399.15,   203.25
   98.35,    98.94,    97.09
   97.83,   102.75,   222.16
   97.96,   105.55,   347.54
   98.53,   223.95,    93.14
   96.83,   227.34,   218.14
   96.74,   231.14,   343.65
   97.57,   347.68,    90.18
   96.94,   351.12,   216.10
   95.92,   356.03,   340.63
  223.71,   100.05,    97.49
  223.34,   103.72,   222.42
  222.51,   107.40,   347.80
  223.75,   224.34,    94.14
  222.36,   228.54,   218.66
  221.10,   232.88,   343.45
  223.04,   348.25,    90.53
  222.73,   352.25,   216.20
  221.51,   357.37,   340.91
  348.76,   100.16,    99.02
  348.78,   104.04,   223.49
  347.89,   109.04,   348.49
  346.87,   224.79,    95.21
  347.22,   229.19,   220.20
  346.84,   234.36,   344.57
  346.00,   349.82,    91.84
  346.30,   354.27,   216.56
  346.78,   358.80,   340.80
   97.20,   101.87,   224.01
   95.35,   104.17,   349.86
   93.52,   106.18,   475.17
   99.75,   226.63,   221.26
   97.18,   229.37,   346.47
   95.34,   232.26,   471.78
  103.43,   350.43,   219.80
  100.48,   354.35,   344.39
   98.11,   357.84,   469.53
  222.70,    99.87,   226.56
  220.13,   102.20,   352.00
  217.68,   104.50,   477.44
  224.98,   224.26,   223.94
  222.01,   227.97,   348.64
  219.69,   230.95,   473.62
  229.00,   348.01,   222.43
  225.70,   352.25,   347.08
  223.04,   356.30,   471.90
  347.97,    96.41,   230.19
  345.16,   100.43,   354.93
  343.14,   103.85,   479.85
  350.16,   221.61,   227.86
  347.57,   225.81,   351.95
  345.23,   228.95,   476.80
  352.32,   346.69,   224.91
  350.98,   350.48,   348.91
  348.44,   352.88,   473.84
   98.27,   100.83,   348.16
   97.97,   103.66,   473.36
   96.83,   106.92,   598.07
   98.95,   225.79,   344.07
   98.27,   229.63,   469.15
   98.28,   233.14,   594.24
  100.43,   350.75,   340.97
   99.63,   355.21,   466.32
   99.94,   359.24,   591.88
  223.20,   100.13,   349.12
  222.03,   103.72,   474.21
  221.92,   106.56,   599.19
  223.48,   225.69,   344.57
  222.80,   229.73,   469.62
  223.42,   232.59,   594.81
  225.81,   350.07,   341.94
  224.65,   355.04,   466.70
  224.54,   358.29,   592.15
  348.25,    99.72,   350.40
  347.31,   103.94,   475.57
  347.71,   107.25,   600.48
  348.80,   225.07,   346.65
  348.28,   229.23,   470.87
  348.40,   231.53,   596.13
  351.09,   349.67,   342.74
  350.35,   353.08,   467.23
  348.77,   355.37,   592.32
  101.40,    97.87,   473.81
  104.39,    96.62,   598.31
  107.00,    96.47,   722.18
  100.24,   224.22,   474.02
  104.14,   223.11,   598.87
  107.77,   221.53,   723.87
   99.95,   350.26,   475.70
  104.09,   349.46,   601.33
  108.61,   348.03,   726.78
  225.53,   100.09,   470.16
  229.42,    98.00,   595.18
  233.81,    97.17,   720.11
  224.46,   226.27,   470.23
  229.30,   224.20,   595.37
  233.53,   222.16,   721.02
  224.94,   351.43,   472.13
  228.74,   350.04,   597.44
  232.96,   347.43,   722.51
  350.82,   102.17,   467.34
  355.33,   100.87,   592.33
  360.20,    99.26,   718.04
  349.97,   227.33,   467.78
  354.43,   225.03,   592.80
  359.07,   222.09,   718.13
  350.30,   351.20,   468.68
  352.59,   349.13,   593.53
  355.09,   346.68,   719.19
  100.63,    99.61,   597.86
   99.56,   102.15,   721.69
   98.99,   104.53,   846.79
  104.32,   226.01,   595.91
  104.80,   227.47,   720.77
  104.68,   228.73,   845.56
  108.84,   352.14,   595.43
  109.91,   353.38,   720.87
  110.14,   354.24,   846.13
  225.37,    96.51,   598.27
  226.33,    98.36,   723.08
  225.70,   100.57,   847.72
  229.34,   222.76,   595.55
  230.46,   223.44,   720.92
  230.14,   224.22,   846.12
  233.12,   348.13,   594.60
  234.06,   348.60,   720.06
  234.07,   349.45,   845.19
  351.30,    94.99,   598.74
  353.15,    95.91,   724.15
  353.55,    97.45,   849.42
  354.52,   218.87,   596.04
  355.79,   218.69,   721.79
  355.94,   220.61,   848.04
  357.51,   343.07,   594.40
  356.65,   343.36,   720.04
  356.28,   345.50,   846.01
  101.42,   225.14,    98.58
  100.65,   223.71,   223.23
  100.17,   222.49,   348.90
  102.65,   349.00,   100.40
  102.34,   348.03,   226.05
  101.64,   347.63,   350.66
  103.56,   473.54,   102.45
  103.70,   472.21,   228.15
  103.02,   472.16,   352.33
  226.70,   223.73,    98.78
  225.71,   223.10,   223.51
  224.75,   222.47,   348.31
  228.29,   347.91,   100.69
  227.97,   346.87,   225.91
  227.21,   347.30,   350.67
  228.70,   472.73,   102.03
  229.41,   471.70,   227.90
  228.95,   471.72,   352.71
  349.99,   222.25,    99.79
  350.79,   221.77,   224.91
  350.62,   222.21,   349.02
  350.76,   347.21,   101.16
  351.50,   347.08,   226.13
  352.26,   346.40,   350.16
  351.61,   472.94,   102.39
  352.59,   472.44,   227.37
  353.57,   470.99,   351.38
  101.00,   224.20,   224.28
  103.83,   225.52,   349.75
  107.21,   226.62,   474.74
  104.31,   348.15,   224.65
  106.94,   350.29,   349.17
  110.25,   352.65,   474.58
  107.78,   472.51,   224.31
  110.35,   474.83,   348.38
  113.64,   477.19,   473.29
  225.98,   221.34,   221.53
  228.06,   223.47,   346.33
  231.77,   224.99,   471.32
  230.23,   345.28,   221.38
  232.64,   347.81,   346.14
  235.45,   350.10,   470.84
  233.17,   469.97,   221.05
  236.18,   472.28,   345.69
  238.73,   474.32,   470.16
  350.84,   218.29,   219.98
  353.98,   221.04,   344.34
  357.03,   222.65,   468.81
  353.78,   343.38,   218.55
  357.35,   345.30,   342.61
  360.57,   346.40,   467.41
  356.40,   468.92,   217.50
  360.67,   470.07,   341.54
  363.97,   470.76,   466.21
  100.16,   226.46,   349.51
  103.00,   223.19,   474.57
  106.24,   219.55,   599.49
   97.21,   351.20,   353.58
   99.84,   348.54,   478.73
  103.16,   345.58,   604.39
   94.06,   475.79,   357.06
   96.82,   473.49,   481.81
   99.97,   470.62,   608.19
  224.57,   231.00,   347.14
  227.52,   227.79,   471.69
  231.22,   223.32,   596.75
  222.70,   355.40,   351.43
  224.85,   352.94,   476.22
  227.85,   348.96,   601.03
  219.90,   479.42,   355.54
  221.51,   477.06,   480.00
  224.03,   473.92,   605.43
  350.42,   234.82,   345.57
  352.62,   231.79,   470.00
  356.29,   226.94,   595.22
  347.55,   359.21,   348.72
  349.92,   355.42,   473.38
  351.71,   350.80,   598.69
  344.55,   483.40,   352.42
  346.79,   479.78,   476.71
  347.47,   475.82,   602.15
   98.71,   226.00,   476.25
  100.85,   226.96,   600.97
  102.90,   227.33,   725.84
  101.44,   351.70,   475.83
  104.22,   352.82,   601.48
  106.84,   353.43,   726.94
  104.63,   476.36,   474.54
  107.01,   478.09,   600.67
  109.61,   479.66,   727.08
  223.21,   224.17,   474.09
  226.09,   224.51,   599.45
  228.87,   224.42,   724.63
  226.69,   349.39,   474.06
  228.80,   349.99,   599.04
  231.17,   349.86,   724.59
  229.63,   473.83,   473.32
  231.24,   474.96,   598.51
  233.21,   475.54,   724.19
  348.63,   222.35,   473.28
  351.10,   221.79,   598.46
  354.19,   221.20,   723.99
  352.13,   346.16,   471.87
  352.58,   345.92,   597.46
  353.35,   345.59,   722.82
  354.83,   470.12,   471.01
  354.79,   470.88,   596.35
  354.14,   471.98,   722.03
   99.13,   224.22,   599.21
  100.36,   225.88,   723.66
  100.24,   227.26,   848.50
   99.06,   350.48,   598.31
  100.47,   352.01,   723.93
  101.03,   353.21,   849.32
   98.38,   475.95,   597.08
   99.85,   477.94,   723.62
   99.99,   479.34,   848.74
  224.23,   225.74,   598.55
  225.85,   226.28,   723.91
  225.97,   227.58,   848.99
  223.75,   351.39,   597.21
  225.31,   351.93,   722.60
  225.43,   352.87,   847.68
  222.71,   476.05,   596.15
  223.60,   477.80,   721.26
  224.14,   478.83,   846.49
  349.60,   226.60,   598.30
  351.27,   226.42,   723.83
  351.64,   228.73,   850.11
  347.76,   350.68,   596.60
  347.05,   351.28,   722.07
  347.64,   353.67,   848.14
  346.03,   475.57,   595.08
  344.37,   477.52,   720.44
  345.30,   479.96,   845.35
  103.19,   347.34,   101.27
   99.44,   350.37,   226.87
   96.20,   353.81,   351.53
  100.60,   472.12,    99.17
   97.28,   474.54,   225.20
   94.06,   478.54,   348.74
   97.10,   597.74,    96.68
   94.59,   599.81,   222.15
   91.36,   602.88,   345.86
  228.37,   349.56,   104.15
  225.36,   352.61,   229.44
  221.64,   356.88,   354.38
  225.60,   474.85,   101.65
  223.25,   477.53,   227.84
  219.83,   481.14,   352.17
  221.96,   600.63,    99.22
  219.69,   603.15,   225.05
  216.14,   605.67,   349.41
  351.08,   352.88,   107.89
  349.17,   356.55,   232.45
  347.00,   359.60,   356.71
  348.36,   478.67,   105.19
  346.57,   481.80,   229.97
  344.60,   484.30,   354.05
  345.36,   604.04,   101.96
  343.44,   607.29,   227.27
  340.94,   609.25,   351.99
  100.05,   348.66,   223.34
  100.81,   348.29,   348.09
  102.64,   347.95,   473.07
  100.41,   473.29,   225.48
  101.27,   472.97,   349.64
  102.69,   472.67,   474.49
   99.73,   598.26,   226.65
  100.64,   597.29,   350.57
  102.47,   597.25,   475.25
  225.62,   348.64,   222.00
  226.41,   349.06,   346.40
  227.47,   348.75,   471.42
  225.92,   473.40,   224.19
  227.07,   473.24,   348.45
  227.79,   472.86,   473.13
  224.76,   599.11,   225.45
  225.62,   597.88,   349.76
  226.95,   596.94,   474.12
  349.25,   350.03,   220.84
  351.44,   349.49,   344.89
  353.24,   347.93,   469.46
  349.30,   475.20,   221.88
  351.82,   474.06,   345.94
  352.87,   472.07,   470.61
  348.45,   601.07,   223.37
  350.41,   599.21,   347.69
  352.10,   597.37,   472.57
   98.39,   348.74,   351.34
  100.87,   349.89,   476.52
  104.15,   349.94,   601.85
  100.06,   473.77,   351.32
  102.69,   474.88,   476.16
  105.83,   475.53,   602.56
  101.35,   597.82,   351.03
  103.82,   599.06,   475.44
  106.76,   599.64,   601.97
  224.00,   348.05,   348.85
  225.69,   349.20,   473.92
  229.04,   348.65,   598.88
  226.06,   472.33,   349.65
  227.66,   473.17,   474.13
  230.06,   473.35,   599.43
  225.95,   596.99,   349.65
  228.42,   597.38,   473.68
  231.15,   597.82,   598.93
  348.74,   346.98,   346.13
  351.36,   346.91,   470.97
  352.96,   345.59,   596.04
  350.67,   471.33,   346.25
  352.91,   471.19,   471.00
  353.56,   470.55,   596.27
  351.04,   596.58,   346.58
  353.43,   596.09,   471.08
  354.78,   596.35,   596.26
   98.82,   349.00,   475.11
   96.13,   351.14,   600.86
   93.96,   352.96,   726.33
   99.45,   473.95,   473.01
   96.77,   476.51,   599.45
   94.56,   479.18,   725.95
   99.59,   598.24,   470.49
   96.81,   600.96,   596.78
   93.88,   603.53,   723.78
  223.57,   349.42,   478.15
  221.08,   351.07,   603.39
  219.01,   351.67,   728.78
  224.26,   473.81,   476.86
  221.07,   475.68,   602.08
  218.72,   477.57,   727.59
  224.17,   597.57,   474.26
  221.26,   600.11,   599.60
  218.38,   602.59,   725.51
  349.05,   348.11,   481.34
  344.84,   349.08,   606.38
  340.84,   349.75,   731.91
  349.62,   472.32,   479.23
  344.29,   474.19,   604.64
  339.26,   475.88,   730.25
  348.86,   597.68,   477.81
  345.09,   599.66,   602.98
  341.00,   602.74,   728.22
   99.15,   352.79,   600.57
   96.90,   353.96,   726.42
   93.63,   354.78,   851.48
   98.01,   478.09,   599.78
   96.07,   480.09,   726.42
   92.76,   480.74,   851.34
   96.87,   602.36,   597.66
   94.16,   604.40,   724.43
   90.03,   605.67,   849.35
  223.57,   353.59,   603.05
  221.64,   353.92,   728.26
  218.42,   354.79,   853.53
  222.39,   478.54,   602.10
  219.99,   479.78,   727.33
  217.16,   480.55,   852.55
  220.87,   602.89,   600.11
  218.32,   604.91,   725.98
  215.32,   606.57,   851.24
  347.67,   353.14,   605.90
  343.50,   353.43,   731.67
  340.78,   355.65,   856.89
  345.57,   478.41,   604.65
  340.92,   479.86,   730.04
  338.78,   481.72,   854.81
  344.66,   604.21,   603.17
  341.20,   606.33,   728.41
  338.75,   608.02,   853.18
   99.80,   473.60,   101.36
  100.75,   471.99,   227.41
  101.41,   471.50,   351.17
  100.74,   599.27,   103.49
  101.91,   597.18,   228.74
  102.59,   596.21,   352.61
   99.82,   724.71,   104.63
  101.46,   722.93,   229.15
  102.95,   720.72,   353.43
  225.18,   472.52,   100.07
  226.69,   470.78,   226.01
  227.22,   470.72,   350.77
  225.10,   598.13,   102.05
  226.97,   596.66,   228.04
  227.49,   595.14,   352.43
  225.60,   724.02,   103.58
  226.02,   722.54,   229.08
  227.14,   720.04,   352.99
  347.89,   472.34,    99.65
  349.80,   471.20,   224.50
  352.18,   469.85,   348.56
  348.91,   598.05,   101.05
  350.86,   596.77,   226.02
  352.45,   594.84,   350.41
  350.33,   722.70,   102.24
  351.52,   721.96,   227.30
  351.96,   720.19,   351.99
  101.48,   473.59,   226.16
  100.54,   475.40,   349.87
  100.20,   476.88,   474.88
  104.60,   599.03,   225.24
  104.02,   599.74,   349.46
  103.67,   601.20,   473.65
  106.71,   724.74,   223.66
  106.89,   724.64,   348.23
  106.91,   724.77,   473.94
  227.05,   470.16,   226.01
  226.02,   471.95,   350.89
  225.42,   473.00,   475.43
  229.52,   595.86,   226.00
  228.66,   596.39,   350.22
  228.31,   597.00,   474.45
  231.25,   722.07,   225.03
  230.73,   721.39,   348.95
  230.95,   721.34,   473.20
  350.24,   468.33,   225.83
  350.96,   468.51,   349.93
  350.30,   468.65,   474.67
  353.27,   593.88,   225.50
  353.51,   593.79,   350.17
  353.35,   593.45,   474.61
  356.62,   718.82,   225.07
  355.74,   718.94,   349.78
  355.43,   719.01,   474.57
   99.00,   473.19,   349.98
   99.05,   475.52,   474.99
   99.88,   477.22,   601.38
  101.17,   597.75,   348.94
  101.31,   599.68,   473.34
  102.03,   601.38,   599.54
  102.83,   722.78,   347.35
  103.37,   723.42,   472.88
  103.51,   724.80,   598.12
  224.88,   471.06,   350.63
  224.21,   473.09,   475.38
  224.25,   474.01,   600.83
  226.19,   595.76,   349.75
  225.80,   596.97,   473.82
  226.02,   598.41,   599.23
  226.96,   720.61,   347.91
  227.04,   721.05,   472.09
  228.14,   722.66,   597.51
  349.71,   469.08,   349.94
  349.21,   469.79,   474.62
  347.31,   469.95,   599.94
  351.11,   593.97,   349.33
  350.84,   594.54,   473.91
  349.91,   595.91,   599.15
  351.68,   719.43,   348.31
  351.68,   720.17,   472.98
  353.13,   721.93,   597.95
   98.87,   475.50,   475.20
   99.28,   479.63,   601.78
  100.15,   483.15,   728.48
  100.10,   599.80,   471.57
  100.81,   604.10,   597.82
  100.80,   607.53,   724.52
  101.41,   723.84,   468.43
  101.45,   727.10,   593.79
  101.25,   730.83,   718.81
  223.76,   473.94,   476.22
  223.73,   477.47,   601.14
  224.00,   480.15,   726.54
  224.76,   598.07,   472.40
  224.93,   601.74,   597.41
  225.43,   605.58,   723.25
  225.02,   722.30,   468.05
  225.90,   725.69,   593.53
  226.96,   730.04,   719.21
  348.97,   471.54,   475.20
  347.26,   474.35,   600.65
  345.09,   477.82,   726.30
  349.70,   596.70,   472.41
  348.62,   599.91,   597.51
  347.85,   604.09,   722.81
  349.69,   722.14,   469.07
  350.86,   726.06,   594.11
  352.50,   730.22,   719.01
  100.27,   478.50,   601.78
  102.92,   479.71,   728.27
  104.21,   479.77,   853.27
  101.90,   602.96,   600.24
  103.97,   604.22,   726.87
  104.50,   604.64,   851.85
  102.45,   725.99,   598.58
  104.25,   727.44,   723.42
  104.31,   729.27,   849.59
  224.61,   476.14,   599.51
  226.85,   476.75,   725.03
  228.52,   477.10,   849.96
  225.91,   600.31,   597.95
  228.13,   601.99,   724.01
  229.56,   602.80,   849.02
  227.13,   724.58,   596.22
  229.72,   726.19,   722.06
  230.55,   729.07,   848.03
  348.05,   472.85,   597.22
  347.65,   473.72,   722.76
  349.72,   475.26,   847.76
  349.58,   598.71,   596.49
  350.58,   600.25,   721.68
  353.03,   601.59,   846.37
  352.08,   724.46,   595.19
  355.51,   726.51,   720.08
  358.02,   727.60,   844.94
  100.00,   599.39,    99.49
   97.94,   595.45,   224.67
   95.23,   592.74,   348.72
   98.03,   724.50,   102.35
   96.10,   721.44,   226.70
   94.18,   717.70,   351.22
   97.09,   849.42,   104.45
   94.77,   847.01,   228.47
   93.43,   843.46,   354.68
  224.90,   599.72,   101.81
  223.07,   596.67,   227.58
  220.17,   593.45,   351.75
  223.29,   725.35,   105.01
  220.82,   722.62,   230.48
  218.03,   718.08,   353.95
  223.10,   850.66,   107.22
  219.99,   847.24,   232.65
  217.24,   843.68,   357.12
  348.47,   601.15,   104.01
  346.66,   598.19,   229.15
  344.90,   594.56,   353.83
  348.35,   726.06,   107.48
  345.76,   723.49,   232.43
  342.82,   719.86,   356.87
  347.91,   851.12,   109.88
  345.26,   848.30,   235.08
  342.03,   844.79,   360.22
  101.87,   598.98,   225.31
   99.43,   598.83,   349.19
   97.88,   599.01,   473.48
  101.70,   724.58,   224.60
  100.17,   723.47,   348.93
   98.43,   722.91,   474.51
  101.59,   850.05,   223.52
  100.63,   849.71,   349.82
   99.01,   848.07,   475.81
  226.90,   598.20,   227.78
  224.65,   598.13,   351.97
  222.21,   597.54,   476.08
  226.29,   724.52,   227.60
  223.77,   722.84,   351.43
  222.16,   721.72,   475.78
  227.03,   849.03,   227.10
  224.83,   848.09,   352.06
  223.20,   847.03,   476.14
  350.99,   598.74,   228.84
  349.41,   597.59,   353.46
  347.35,   596.57,   478.07
  351.39,   723.72,   229.44
  348.91,   722.87,   353.92
  346.78,   722.34,   478.64
  352.54,   848.79,   229.40
  349.58,   848.03,   354.44
  347.65,   847.54,   479.27
   98.71,   598.28,   348.97
   95.26,   602.55,   473.57
   92.24,   606.81,   599.77
   95.78,   723.11,   344.86
   92.69,   726.43,   470.59
   89.46,   730.14,   595.71
   92.93,   849.52,   341.71
   89.41,   851.51,   467.95
   86.39,   854.67,   592.31
  223.45,   601.08,   353.20
  219.86,   604.78,   477.16
  216.67,   608.82,   602.41
  219.63,   726.11,   349.03
  216.55,   728.96,   473.30
  213.84,   732.67,   598.31
  216.96,   851.38,   345.65
  213.83,   854.13,   469.82
  211.16,   856.79,   594.43
  348.59,   604.63,   356.28
  344.44,   607.36,   480.89
  340.52,   611.14,   606.19
  344.28,   729.97,   352.74
  340.91,   732.71,   477.71
  338.62,   736.90,   602.40
  341.91,   854.80,   349.36
  338.25,   857.87,   474.11
  336.41,   861.50,   598.49
   98.82,   600.44,   473.67
  100.23,   601.70,   599.69
  101.86,   602.13,   726.53
   99.91,   724.35,   473.74
  101.04,   724.72,   598.96
  102.00,   725.44,   723.97
  100.98,   849.54,   474.31
  102.36,   849.24,   598.42
  103.38,   849.46,   722.26
  223.53,   598.52,   472.99
  224.60,   599.24,   598.28
  225.96,   599.93,   724.29
  223.89,   722.73,   471.94
  225.93,   723.35,   597.40
  227.83,   724.35,   723.03
  225.10,   848.05,   471.56
  227.27,   847.69,   596.47
  228.97,   848.01,   721.55
  348.44,   596.94,   472.02
  348.55,   597.51,   597.22
  348.54,   598.74,   722.59
  348.30,   722.54,   472.12
  350.61,   723.69,   596.93
  353.20,   724.66,   721.72
  349.93,   847.61,   471.93
  352.48,   848.50,   596.13
  355.52,   849.81,   719.92
  103.00,   600.91,   601.96
  106.08,   598.51,   728.48
  108.33,   595.30,   853.37
   99.70,   724.30,   604.23
  102.22,   721.88,   729.45
  103.38,   719.77,   855.54
   96.53,   848.47,   607.26
   98.99,   846.09,   730.86
  100.03,   845.21,   856.91
  227.14,   602.82,   598.83
  230.11,   600.74,   724.42
  233.13,   597.51,   849.58
  223.89,   727.14,   600.87
  227.86,   725.15,   726.65
  229.66,   723.78,   852.74
  221.30,   851.30,   603.32
  225.08,   848.54,   728.52
  226.45,   848.24,   855.49
  350.82,   605.81,   595.89
  352.91,   603.33,   721.17
  356.32,   600.74,   846.01
  348.84,   731.42,   598.80
  353.34,   729.86,   723.74
  356.95,   726.56,   848.46
  346.39,   856.13,   601.21
  351.29,   854.10,   724.90
  354.41,   851.93,   850.63
  223.82,   101.34,    99.48
  224.31,   102.02,   224.58
  225.02,   102.42,   349.80
  225.76,   225.44,    99.23
  225.73,   226.69,   223.87
  225.62,   228.24,   348.49
  227.59,   349.69,    98.89
  228.05,   350.62,   224.14
  228.20,   352.82,   349.06
  348.65,    99.15,    99.97
  349.59,    99.61,   224.70
  350.02,   101.55,   349.68
  349.11,   223.49,    99.32
  350.62,   225.10,   224.47
  351.26,   227.29,   348.76
  350.29,   348.70,    98.66
  352.05,   350.26,   223.54
  353.36,   351.52,   347.74
  473.66,    97.37,    99.31
  474.97,    98.20,   224.24
  475.09,   100.44,   349.44
  473.36,   222.40,    98.32
  475.45,   223.05,   224.14
  476.68,   225.44,   348.73
  474.22,   347.84,    97.77
  475.85,   349.38,   222.30
  478.46,   350.52,   346.48
  223.48,   100.60,   224.03
  220.93,   104.17,   349.16
  218.10,   107.33,   474.40
  223.37,   225.06,   220.48
  219.85,   229.59,   345.29
  217.49,   233.53,   470.12
  224.39,   349.15,   218.01
  221.24,   354.16,   342.52
  218.07,   358.69,   467.34
  349.25,   100.15,   227.56
  345.76,   105.13,   352.37
  343.31,   109.20,   477.51
  348.51,   225.40,   224.31
  345.54,   230.56,   348.66
  343.21,   234.19,   473.22
  347.90,   350.48,   220.77
  346.08,   354.61,   344.58
  343.56,   358.41,   469.43
  474.54,   100.29,   230.52
  471.14,   105.52,   355.44
  468.94,   110.24,   480.32
  473.34,   225.44,   227.53
  470.68,   230.60,   351.92
  468.57,   234.65,   475.92
  472.03,   351.15,   222.78
  471.09,   355.43,   346.87
  468.90,   358.26,   471.57
  225.04,   100.00,   351.36
  226.47,   103.24,   476.58
  228.70,   105.69,   601.35
  223.14,   226.05,   347.37
  224.94,   229.30,   472.08
  227.72,   231.79,   597.54
  223.50,   350.34,   345.20
  224.52,   354.55,   470.04
  226.90,   357.40,   594.95
  349.91,   101.83,   350.23
  351.59,   105.82,   474.88
  354.56,   108.62,   599.96
  348.62,   227.22,   346.64
  350.24,   231.04,   471.02
  353.05,   232.81,   596.13
  348.39,   351.54,   343.06
  350.09,   354.88,   467.89
  350.89,   356.96,   592.98
  475.16,   103.04,   348.85
  477.21,   107.32,   473.88
  480.07,   110.40,   598.70
  474.16,   227.86,   345.71
  475.83,   231.97,   469.93
  478.09,   233.92,   594.94
  473.35,   352.70,   341.00
  475.29,   355.47,   465.68
  475.59,   357.59,   591.03
  223.72,   100.67,   473.67
  226.75,   100.13,   598.70
  229.97,    99.76,   723.62
  220.50,   227.01,   472.70
  224.27,   226.07,   598.16
  227.94,   224.61,   723.63
  218.78,   352.17,   473.89
  221.53,   351.50,   599.20
  225.13,   350.06,   724.33
  348.94,   105.14,   471.60
  352.63,   104.83,   596.77
  356.67,   104.05,   722.26
  346.19,   230.16,   471.01
  349.52,   228.67,   596.13
  352.75,   226.79,   721.54
  343.90,   354.28,   471.22
  345.56,   352.80,   596.70
  347.18,   351.33,   722.25
  474.12,   108.61,   469.88
  477.64,   108.23,   594.60
  481.66,   107.39,   719.66
  471.41,   233.01,   469.32
  474.45,   231.80,   594.25
  477.47,   229.61,   719.81
  469.11,   356.67,   468.40
  470.36,   355.28,   594.14
  470.57,   353.73,   720.06
  224.87,   100.01,   601.01
  227.46,   100.54,   725.87
  228.39,   101.48,   850.66
  224.82,   226.09,   599.84
  227.49,   225.62,   725.10
  228.57,   225.28,   850.43
  224.37,   351.87,   600.36
  226.86,   350.82,   725.47
  228.50,   350.41,   850.65
  350.87,   102.57,   599.94
  354.21,   102.35,   725.24
  356.31,   102.81,   850.49
  350.02,   226.46,   598.58
  352.55,   225.19,   724.10
  354.27,   225.76,   850.54
  348.06,   350.71,   598.33
  349.07,   349.89,   723.95
  350.61,   350.99,   849.97
  476.01,   103.68,   598.62
  479.29,   103.55,   723.37
  481.20,   103.87,   848.90
  474.84,   227.46,   597.65
  477.23,   226.22,   723.06
  479.46,   226.90,   849.16
  472.89,   350.82,   596.56
  472.64,   350.25,   722.73
  474.15,   351.41,   848.47
  227.11,   225.27,    98.77
  227.41,   223.22,   223.15
  227.59,   221.80,   348.13
  225.15,   349.01,   101.26
  225.91,   346.99,   226.66
  226.52,   346.15,   351.42
  222.39,   474.15,   103.82
  224.15,   471.73,   230.09
  224.87,   470.53,   354.31
  350.24,   227.03,    98.12
  352.14,   225.62,   223.40
  353.41,   224.80,   347.49
  347.78,   352.23,   100.66
  349.86,   350.53,   225.72
  351.77,   349.00,   349.90
  344.89,   477.76,   103.27
  347.26,   475.92,   228.07
  349.44,   473.56,   352.33
  474.39,   229.82,    96.86
  477.23,   227.77,   222.84
  478.73,   226.96,   347.12
  471.32,   355.13,    99.45
  473.49,   353.56,   223.81
  476.57,   351.80,   348.15
  468.69,   480.92,   102.11
  470.81,   479.49,   225.61
  474.39,   476.55,   349.43
  224.44,   226.71,   225.45
  221.99,   226.55,   350.25
  220.74,   225.65,   474.92
  225.35,   350.59,   227.39
  222.97,   351.14,   351.95
  221.03,   351.23,   477.05
  225.19,   475.13,   229.17
  222.91,   475.30,   353.93
  220.73,   475.40,   478.45
  349.63,   227.07,   228.26
  347.56,   227.70,   352.58
  346.08,   226.99,   477.29
  348.98,   351.90,   229.00
  348.12,   351.77,   353.47
  346.35,   350.58,   477.97
  348.55,   477.41,   230.31
  347.95,   476.25,   354.44
  345.94,   475.13,   479.18
  474.47,   227.12,   230.56
  473.12,   227.64,   355.00
  471.63,   227.18,   479.36
  473.04,   353.20,   230.46
  473.27,   352.60,   354.35
  471.82,   350.81,   479.24
  472.06,   479.20,   230.54
  472.64,   477.65,   354.78
  471.15,   475.47,   479.83
  222.55,   227.63,   349.70
  224.88,   226.62,   474.71
  228.38,   224.31,   599.92
  223.17,   352.27,   352.33
  224.62,   351.66,   477.11
  227.47,   349.66,   602.24
  222.58,   476.80,   354.69
  224.28,   475.93,   479.09
  226.54,   474.74,   604.22
  347.87,   229.16,   348.64
  350.18,   227.77,   473.44
  353.55,   224.88,   598.22
  347.99,   353.62,   349.70
  350.02,   351.95,   474.70
  351.67,   348.96,   599.76
  347.71,   478.06,   351.56
  349.26,   476.22,   476.31
  349.82,   474.11,   601.69
  473.55,   229.50,   347.42
  475.73,   228.96,   471.40
  478.48,   225.94,   596.67
  473.01,   354.56,   347.13
  475.48,   352.28,   472.03
  476.26,   349.71,   597.69
  472.24,   479.55,   348.22
  474.79,   476.66,   473.21
  474.16,   474.38,   599.00
  223.12,   227.56,   472.99
  226.55,   227.26,   598.57
  229.85,   226.54,   723.65
  220.78,   352.56,   473.82
  223.45,   352.84,   598.93
  226.43,   351.97,   723.91
  218.33,   477.07,   473.61
  220.47,   477.38,   598.80
  222.92,   477.45,   724.27
  348.46,   230.93,   471.65
  351.60,   229.89,   596.88
  354.81,   228.74,   722.22
  346.14,   355.00,   471.10
  347.60,   354.04,   596.19
  348.43,   353.34,   721.98
  343.21,   479.27,   470.73
  343.73,   479.29,   596.20
  343.88,   479.63,   721.58
  474.02,   233.94,   470.07
  476.37,   233.04,   595.15
  479.16,   231.83,   720.36
  471.63,   357.66,   468.57
  472.16,   356.69,   594.05
  472.06,   356.14,   720.31
  468.43,   481.77,   467.80
  468.19,   481.43,   593.84
  467.21,   482.09,   719.63
  226.71,   226.55,   597.05
  230.11,   225.14,   722.65
  231.92,   224.67,   847.96
  225.90,   352.00,   597.89
  229.15,   350.43,   723.19
  231.46,   349.84,   848.58
  224.52,   476.71,   598.84
  227.35,   476.28,   724.12
  230.19,   475.85,   849.02
  351.84,   227.13,   595.27
  355.22,   225.48,   720.86
  358.14,   225.50,   847.19
  350.00,   351.40,   595.50
  351.33,   350.02,   721.11
  353.55,   350.54,   846.72
  347.96,   476.19,   595.49
  348.52,   476.22,   721.26
  350.99,   476.65,   845.87
  476.96,   228.30,   593.47
  479.99,   226.61,   718.66
  482.80,   227.30,   845.16
  474.42,   351.97,   593.07
  474.85,   350.76,   718.79
  477.41,   351.69,   844.72
  472.87,   477.07,   592.98
  472.07,   477.02,   718.93
  474.62,   477.90,   844.13
  225.42,   350.07,   101.73
  221.52,   351.84,   227.32
  217.11,   355.00,   351.66
  225.48,   475.09,   100.19
  222.16,   476.70,   226.55
  218.19,   479.24,   351.01
  224.60,   600.74,    98.86
  221.37,   602.24,   225.10
  217.26,   604.14,   349.15
  348.13,   350.52,   106.13
  345.49,   352.94,   231.07
  342.39,   355.19,   355.11
  348.25,   475.95,   104.63
  345.78,   477.96,   229.27
  343.05,   479.74,   353.53
  348.08,   601.43,   102.92
  345.19,   603.69,   227.99
  342.02,   604.50,   352.43
  471.91,   350.62,   109.77
  469.31,   353.26,   234.15
  467.56,   354.83,   358.17
  472.06,   476.53,   108.18
  469.21,   478.89,   232.04
  467.88,   479.74,   355.72
  472.37,   601.97,   106.26
  469.80,   604.03,   230.58
  467.04,   604.99,   354.93
  228.02,   349.53,   224.00
  225.77,   350.85,   348.85
  224.13,   351.79,   473.50
  229.65,   474.43,   224.93
  227.54,   475.48,   349.74
  225.54,   476.18,   474.52
  229.16,   600.03,   225.14
  227.30,   600.08,   349.60
  225.60,   600.36,   473.81
  351.70,   349.61,   225.85
  350.91,   350.41,   349.93
  349.49,   350.17,   474.74
  352.69,   474.93,   225.73
  352.27,   475.04,   350.30
  350.53,   474.40,   474.79
  353.19,   600.60,   226.02
  352.14,   600.12,   350.65
  350.34,   599.42,   475.17
  475.86,   349.50,   226.92
  476.11,   349.53,   350.83
  474.82,   349.17,   475.71
  476.19,   475.22,   226.24
  477.08,   474.56,   350.49
  475.74,   473.59,   475.59
  477.54,   600.45,   226.60
  477.13,   599.72,   351.12
  475.75,   598.96,   476.31
  225.36,   350.88,   351.50
  228.10,   352.77,   476.19
  231.52,   353.28,   601.29
  224.14,   475.13,   351.39
  226.61,   477.16,   476.26
  229.24,   477.91,   601.27
  221.14,   600.17,   350.60
  223.93,   601.01,   474.62
  226.97,   602.29,   599.75
  350.50,   353.21,   348.36
  353.43,   354.04,   472.75
  355.73,   353.56,   598.24
  348.75,   477.57,   347.39
  351.45,   478.17,   472.13
  353.04,   478.50,   597.44
  345.95,   602.62,   347.05
  348.68,   603.31,   471.45
  351.12,   604.57,   596.89
  475.27,   355.41,   344.66
  478.81,   355.59,   469.38
  480.11,   355.05,   594.86
  473.38,   480.43,   343.09
  476.68,   480.09,   468.05
  477.68,   480.00,   594.00
  470.90,   605.23,   343.13
  473.84,   605.76,   468.12
  475.86,   606.41,   593.47
  225.17,   350.22,   474.56
  222.22,   349.48,   599.66
  219.96,   347.57,   724.78
  227.18,   474.50,   475.39
  224.04,   474.43,   600.79
  221.38,   473.38,   725.98
  228.51,   598.51,   475.50
  225.56,   598.67,   600.62
  222.41,   598.63,   726.46
  350.22,   347.69,   477.52
  346.34,   345.90,   602.84
  342.04,   344.39,   728.43
  352.29,   471.96,   477.87
  347.40,   471.01,   603.68
  341.92,   470.57,   728.85
  353.56,   596.87,   478.84
  348.98,   596.84,   604.04
  344.78,   597.16,   729.38
  475.59,   345.27,   480.59
  470.72,   343.62,   606.31
  465.61,   342.05,   732.27
  477.39,   469.55,   480.51
  471.67,   468.63,   606.81
  465.16,   468.09,   732.39
  478.68,   595.20,   481.71
  473.63,   594.77,   607.25
  468.90,   594.98,   732.55
  226.28,   352.49,   600.37
  229.56,   351.05,   725.87
  231.32,   350.92,   850.86
  227.52,   477.06,   600.82
  230.03,   477.23,   726.05
  232.08,   476.88,   851.15
  228.01,   601.52,   600.03
  230.51,   602.29,   725.67
  232.72,   602.64,   851.03
  350.53,   349.59,   598.39
  351.66,   348.84,   723.89
  353.80,   349.61,   849.72
  350.81,   474.69,   598.34
  350.83,   475.06,   723.65
  353.38,   475.64,   848.50
  352.09,   600.25,   597.89
  353.24,   601.32,   723.20
  355.79,   602.00,   848.00
  475.05,   348.01,   596.13
  475.20,   347.10,   722.13
  477.42,   348.15,   848.13
  475.32,   472.80,   595.63
  474.35,   473.22,   721.64
  476.71,   474.53,   847.04
  476.78,   599.31,   595.77
  477.26,   600.11,   720.88
  480.33,   601.13,   845.20
  225.61,   473.79,   101.35
  227.50,   474.91,   227.46
  228.27,   476.62,   352.28
  221.99,   599.54,   100.92
  223.73,   600.52,   227.02
  224.67,   601.39,   351.31
  218.64,   725.21,   100.25
  219.77,   726.53,   225.95
  220.63,   726.20,   349.68
  348.45,   477.52,   100.67
  350.52,   478.86,   225.76
  353.06,   479.51,   349.66
  345.71,   603.20,    99.92
  347.91,   604.52,   225.02
  349.69,   604.61,   349.47
  343.41,   727.80,    98.95
  344.63,   729.70,   224.09
  345.29,   729.85,   348.65
  472.01,   480.60,    99.39
  474.41,   482.27,   223.31
  477.83,   482.59,   347.34
  470.01,   606.12,    98.55
  471.93,   607.62,   222.58
  474.66,   607.46,   347.09
  468.60,   730.79,    97.63
  470.26,   732.18,   221.87
  470.98,   732.81,   347.35
  227.23,   473.97,   225.75
  229.06,   473.33,   350.04
  230.67,   472.64,   474.69
  225.54,   599.49,   227.62
  227.63,   597.94,   351.82
  229.89,   596.58,   476.11
  223.48,   725.75,   228.67
  225.43,   723.03,   352.72
  228.06,   720.95,   477.02
  350.50,   475.85,   222.42
  353.61,   474.24,   346.85
  356.19,   471.94,   471.29
  349.30,   601.53,   224.41
  352.45,   599.43,   348.70
  354.56,   597.08,   473.66
  348.63,   726.93,   225.97
  350.16,   724.62,   350.62
  353.03,   722.61,   475.62
  473.72,   477.41,   219.35
  478.44,   475.39,   343.12
  481.10,   472.33,   468.25
  473.64,   602.81,   221.00
  477.51,   600.24,   345.47
  480.16,   598.06,   470.69
  473.86,   727.34,   222.49
  475.68,   725.67,   348.15
  478.25,   724.13,   473.79
  226.22,   475.31,   351.01
  223.46,   477.68,   475.74
  221.59,   479.70,   601.01
  226.24,   599.80,   349.30
  224.13,   601.67,   473.31
  222.38,   603.88,   598.51
  225.54,   724.91,   346.91
  223.89,   726.07,   470.95
  222.83,   727.91,   596.19
  350.92,   474.59,   352.15
  348.60,   475.85,   476.88
  345.15,   476.88,   602.19
  351.07,   599.66,   350.59
  349.04,   600.86,   475.45
  346.25,   602.66,   600.76
  350.40,   725.26,   349.13
  348.74,   726.42,   473.84
  348.04,   728.64,   598.93
  475.90,   474.16,   352.67
  473.88,   474.58,   477.77
  469.36,   475.23,   603.92
  476.07,   599.19,   351.72
  474.25,   600.05,   476.97
  470.83,   601.75,   602.63
  475.89,   724.43,   350.79
  474.10,   726.59,   476.96
  473.25,   728.58,   601.60
  224.87,   474.62,   475.75
  225.55,   471.51,   601.14
  227.22,   467.58,   726.43
  226.33,   598.47,   478.27
  227.65,   595.96,   603.73
  228.97,   593.09,   729.49
  227.14,   722.59,   480.73
  229.24,   719.71,   606.17
  231.23,   717.79,   731.93
  349.81,   471.39,   473.87
  349.20,   468.00,   599.40
  348.17,   464.70,   724.87
  351.30,   596.44,   477.33
  351.31,   593.39,   602.80
  351.42,   591.01,   727.93
  351.85,   721.79,   480.62
  354.16,   719.59,   605.78
  356.67,   717.65,   730.66
  475.21,   469.35,   472.34
  473.66,   465.13,   598.26
  471.63,   462.00,   724.13
  476.73,   594.91,   475.89
  476.05,   591.44,   601.64
  475.21,   588.88,   726.90
  477.58,   720.80,   480.57
  479.56,   718.42,   605.44
  482.18,   715.84,   729.20
  225.31,   475.38,   602.13
  222.91,   473.91,   727.50
  219.75,   472.09,   852.37
  228.50,   599.75,   602.86
  225.56,   599.09,   728.74
  221.89,   598.21,   853.85
  231.30,   723.80,   603.50
  228.72,   723.85,   728.83
  224.25,   724.01,   855.33
  348.86,   470.73,   604.95
  343.51,   469.43,   730.41
  340.74,   468.84,   855.15
  352.13,   596.49,   606.07
  347.71,   596.07,   731.35
  345.28,   595.21,   856.29
  355.98,   722.42,   607.30
  354.23,   722.32,   732.29
  351.59,   721.15,   856.72
  473.05,   466.95,   607.92
  466.52,   465.89,   733.78
  464.30,   465.74,   859.15
  476.88,   593.19,   609.60
  471.69,   592.97,   734.74
  469.61,   591.92,   858.85
  481.42,   720.20,   611.17
  479.83,   719.49,   734.98
  477.18,   717.23,   858.68
  226.60,   601.70,   101.77
  223.41,   599.55,   227.58
  219.41,   597.41,   351.94
  229.59,   727.06,   104.07
  225.69,   725.63,   229.40
  221.82,   722.12,   353.36
  233.32,   852.48,   105.30
  228.85,   850.16,   230.82
  225.27,   847.67,   355.55
  350.13,   598.58,   105.27
  347.48,   596.90,   230.25
  344.47,   594.23,   354.76
  354.27,   723.38,   107.54
  350.38,   722.22,   232.69
  346.61,   719.71,   357.31
  357.82,   848.83,   109.06
  354.56,   847.21,   234.31
  349.76,   844.39,   359.30
  474.55,   595.47,   108.64
  471.54,   593.80,   232.77
  469.43,   591.08,   357.31
  479.17,   720.19,   110.65
  475.87,   718.48,   235.04
  472.00,   716.21,   360.48
  483.23,   845.64,   112.41
  479.97,   844.00,   236.47
  475.19,   841.56,   362.85
  224.47,   599.24,   225.36
  222.28,   600.75,   349.89
  220.18,   602.42,   474.02
  219.16,   725.14,   223.50
  217.13,   725.40,   347.44
  215.69,   726.73,   471.46
  215.61,   849.79,   220.78
  213.90,   851.22,   345.84
  212.49,   851.70,   470.20
  348.30,   603.83,   226.39
  346.85,   605.11,   350.89
  344.84,   606.19,   475.62
  344.49,   729.14,   224.82
  341.86,   730.20,   349.42
  340.19,   731.57,   474.17
  341.01,   854.20,   222.78
  338.42,   855.07,   348.03
  336.86,   856.31,   472.76
  472.46,   608.29,   227.03
  471.82,   608.68,   351.81
  470.32,   609.83,   477.12
  469.68,   732.59,   225.74
  467.55,   734.05,   351.01
  465.69,   735.99,   476.82
  466.83,   858.33,   223.51
  464.02,   859.55,   348.94
  461.84,   860.76,   476.12
  226.66,   597.83,   352.57
  224.85,   594.68,   476.61
  223.83,   591.54,   602.25
  222.82,   722.74,   354.99
  221.83,   718.67,   479.48
  220.98,   715.62,   604.70
  220.25,   848.18,   358.58
  219.13,   843.89,   482.94
  218.73,   839.89,   607.65
  351.73,   600.89,   353.75
  349.66,   597.12,   478.33
  347.27,   593.54,   603.72
  347.59,   726.02,   357.42
  346.30,   722.27,   481.94
  345.76,   719.67,   606.88
  345.06,   850.93,   360.80
  343.86,   847.46,   485.74
  344.03,   844.18,   609.79
  476.74,   603.62,   354.65
  475.18,   599.53,   479.70
  472.15,   596.06,   605.16
  473.09,   729.00,   358.77
  471.52,   725.76,   484.86
  471.15,   722.88,   609.39
  470.60,   854.15,   362.02
  468.82,   850.79,   489.09
  469.36,   847.80,   612.90
  226.68,   599.03,   475.60
  228.55,   602.68,   600.55
  230.53,   606.62,   726.36
  223.35,   723.06,   471.30
  225.70,   726.95,   596.57
  228.40,   731.18,   722.17
  220.89,   848.10,   468.03
  223.17,   851.03,   592.79
  225.74,   854.42,   717.71
  351.63,   601.67,   473.95
  352.45,   605.29,   599.02
  353.32,   609.14,   724.25
  347.97,   727.05,   470.66
  350.55,   731.12,   595.63
  354.27,   735.54,   720.46
  345.27,   852.06,   467.63
  348.31,   855.62,   591.81
  351.98,   859.76,   714.94
  476.90,   604.39,   471.84
  477.22,   607.70,   597.44
  477.75,   611.74,   722.35
  473.12,   730.32,   469.97
  476.03,   734.21,   594.94
  479.98,   738.55,   718.25
  470.22,   855.30,   467.45
  473.67,   859.08,   592.26
  477.32,   863.74,   713.27
  226.94,   600.76,   600.87
  227.49,   600.43,   726.49
  227.23,   599.75,   851.88
  227.92,   724.77,   600.79
  228.45,   725.21,   726.75
  227.22,   725.68,   852.76
  228.84,   849.26,   601.03
  229.32,   848.70,   726.21
  227.92,   850.44,   853.01
  350.93,   599.60,   601.03
  349.86,   599.74,   726.36
  350.24,   598.89,   851.10
  352.68,   725.85,   601.56
  354.26,   726.07,   726.38
  354.69,   725.03,   851.14
  353.85,   850.57,   601.92
  355.88,   850.65,   725.49
  355.66,   850.22,   851.45
  475.78,   598.81,   600.97
  473.75,   598.31,   726.38
  474.73,   598.14,   850.42
  478.16,   725.47,   602.71
  479.74,   725.51,   726.15
  480.38,   723.33,   849.97
  479.23,   850.72,   603.87
  482.00,   851.04,   725.42
  481.11,   848.50,   850.39
  348.68,   101.46,    99.14
  349.73,   100.11,   223.80
  350.15,   100.26,   348.73
  345.36,   226.21,   100.53
  346.79,   225.40,   225.50
  347.16,   225.59,   349.85
  342.66,   350.97,   101.87
  344.23,   350.37,   226.79
  345.30,   350.10,   351.05
  473.76,   103.64,    98.61
  474.98,   102.38,   223.78
  475.19,   103.22,   348.66
  469.72,   228.57,    99.50
  471.37,   227.88,   225.65
  472.28,   227.97,   349.72
  466.20,   354.34,   101.31
  467.85,   353.90,   225.66
  470.45,   352.86,   349.75
  598.49,   107.33,    96.67
  599.62,   106.07,   222.05
  600.16,   105.42,   347.95
  596.02,   231.68,    98.44
  596.31,   230.38,   224.01
  597.28,   230.26,   348.90
  592.53,   356.81,    99.79
  593.10,   356.18,   224.09
  594.77,   355.51,   348.61
  348.88,   101.48,   225.91
  348.17,   102.29,   351.22
  348.09,   102.67,   476.19
  344.90,   226.81,   226.45
  344.51,   227.90,   351.07
  344.05,   228.03,   475.69
  341.47,   351.57,   226.77
  341.91,   352.35,   351.17
  341.26,   351.91,   475.61
  474.59,   104.45,   227.18
  473.34,   106.29,   351.76
  473.04,   106.84,   476.75
  469.73,   229.93,   227.84
  469.76,   231.27,   351.87
  469.72,   231.57,   476.54
  465.52,   355.96,   227.02
  466.81,   355.72,   350.85
  466.54,   355.02,   475.84
  598.81,   108.85,   226.61
  598.19,   109.17,   352.30
  598.39,   109.38,   477.40
  594.81,   233.42,   227.33
  594.43,   234.46,   351.92
  594.68,   234.85,   476.82
  590.32,   359.06,   226.49
  591.31,   359.80,   350.84
  591.51,   359.29,   475.75
  348.70,   101.14,   352.12
  349.92,   103.37,   477.20
  351.95,   104.42,   601.94
  346.90,   226.60,   350.36
  348.00,   228.55,   474.94
  349.87,   228.40,   599.99
  346.69,   350.90,   348.53
  347.46,   352.28,   473.38
  347.64,   352.68,   598.74
  473.80,   102.65,   351.62
  475.04,   105.07,   476.60
  476.98,   106.28,   601.41
  472.51,   227.90,   350.22
  473.32,   229.77,   474.26
  475.06,   230.01,   599.45
  471.64,   352.43,   347.06
  472.68,   353.29,   472.06
  472.11,   353.43,   597.50
  599.13,   103.91,   350.45
  600.19,   105.70,   475.68
  601.47,   107.04,   600.30
  597.33,   228.59,   348.98
  598.65,   230.62,   473.84
  599.85,   231.52,   599.20
  596.16,   354.03,   346.07
  597.37,   355.53,   470.55
  597.74,   356.14,   596.64
  350.53,   100.58,   476.04
  352.07,   101.38,   600.95
  354.13,   102.45,   726.60
  353.34,   225.71,   473.93
  354.63,   225.45,   598.97
  356.31,   224.97,   724.65
  356.96,   349.27,   472.42
  356.70,   349.49,   597.58
  355.89,   349.74,   723.36
  475.91,    98.13,   476.14
  477.17,    99.18,   601.10
  479.01,   100.04,   725.87
  478.67,   222.56,   474.26
  479.72,   222.87,   599.00
  480.96,   222.57,   724.39
  482.21,   346.10,   471.69
  481.04,   346.40,   597.20
  479.89,   346.38,   723.21
  600.82,    93.99,   475.94
  601.40,    95.53,   600.54
  601.92,    96.66,   724.81
  603.41,   219.20,   473.96
  604.71,   220.30,   599.27
  605.24,   220.92,   724.16
  606.97,   344.13,   471.14
  606.75,   344.32,   596.86
  606.26,   344.84,   723.19
  352.33,   102.61,   601.38
  356.08,    98.26,   726.95
  358.42,    94.84,   852.06
  351.56,   226.53,   604.23
  354.95,   220.98,   729.93
  357.20,   217.70,   855.73
  350.00,   350.48,   608.02
  351.48,   345.66,   733.89
  353.80,   342.57,   859.30
  477.43,   103.56,   599.30
  480.68,    99.46,   724.31
  483.19,    95.81,   849.61
  476.56,   227.09,   602.67
  479.74,   221.62,   728.17
  482.25,   218.87,   854.05
  474.60,   350.56,   605.75
  475.13,   345.77,   731.84
  477.58,   343.12,   857.63
  601.80,   103.27,   597.41
  603.66,    99.54,   721.14
  605.55,    96.02,   845.51
  601.40,   228.01,   600.95
  604.04,   223.30,   726.11
  606.12,   219.91,   850.60
  600.51,   351.91,   603.88
  601.62,   347.18,   730.31
  603.56,   344.22,   855.47
  350.11,   225.32,   101.12
  349.73,   227.36,   225.80
  348.53,   230.40,   350.34
  347.70,   350.45,    99.81
  347.88,   352.58,   224.71
  347.52,   354.58,   348.88
  345.52,   475.95,    98.29
  345.72,   477.84,   223.49
  346.05,   479.11,   347.53
  474.28,   227.43,   101.75
  474.57,   228.99,   227.74
  473.88,   232.13,   351.67
  471.45,   353.06,   100.67
  471.67,   355.21,   224.91
  472.72,   356.51,   349.21
  469.54,   478.57,    99.23
  469.19,   481.08,   223.35
  470.42,   481.68,   347.03
  600.45,   229.83,   101.97
  599.45,   230.86,   227.56
  598.89,   233.46,   352.31
  598.03,   354.66,   100.71
  596.65,   356.77,   225.18
  597.00,   358.93,   349.45
  595.41,   480.26,    99.15
  594.49,   482.49,   223.42
  595.12,   483.97,   347.43
  348.37,   226.93,   224.05
  351.81,   228.48,   348.19
  355.26,   229.27,   472.85
  350.14,   351.93,   223.58
  354.47,   353.12,   347.69
  358.18,   353.27,   472.52
  351.73,   477.43,   223.32
  356.42,   477.50,   347.48
  359.75,   477.35,   471.90
  473.12,   224.42,   221.45
  477.12,   226.55,   345.44
  480.71,   227.34,   469.97
  473.82,   350.79,   219.56
  479.12,   351.16,   343.57
  483.13,   350.95,   468.48
  475.50,   476.55,   218.57
  481.25,   476.43,   342.40
  485.12,   475.67,   467.43
  598.22,   222.81,   217.16
  601.71,   224.47,   341.47
  605.70,   225.23,   466.25
  599.20,   348.36,   215.26
  603.65,   349.89,   339.66
  607.91,   350.08,   464.28
  600.52,   474.36,   214.36
  605.33,   475.10,   338.75
  609.51,   475.33,   463.68
  350.22,   226.52,   349.23
  348.96,   228.52,   473.82
  349.00,   228.88,   598.92
  348.66,   350.97,   347.26
  347.88,   352.58,   472.12
  346.07,   353.28,   597.13
  346.85,   475.57,   345.75
  345.86,   476.64,   470.26
  342.97,   478.20,   595.73
  475.36,   228.26,   351.11
  474.71,   230.69,   475.22
  474.11,   230.96,   600.37
  473.73,   352.94,   347.73
  472.99,   354.28,   472.47
  470.63,   354.65,   598.31
  471.89,   478.29,   345.17
  471.15,   478.56,   470.23
  467.71,   479.78,   596.55
  600.31,   230.00,   351.66
  599.42,   232.64,   476.46
  599.09,   233.96,   602.03
  598.41,   355.37,   348.54
  597.73,   357.13,   473.24
  596.16,   357.99,   599.02
  596.23,   480.92,   345.91
  595.56,   482.22,   471.17
  593.57,   483.00,   597.12
  350.62,   225.11,   476.51
  349.58,   223.72,   601.58
  348.93,   221.88,   727.12
  353.15,   349.17,   476.55
  350.05,   347.71,   601.62
  347.53,   346.46,   727.62
  354.82,   473.07,   476.56
  351.17,   472.78,   602.28
  346.88,   472.62,   727.69
  476.11,   223.34,   479.06
  474.80,   222.36,   604.21
  473.73,   220.56,   729.51
  478.25,   347.00,   478.17
  474.75,   345.60,   603.94
  470.98,   344.36,   729.66
  480.00,   471.49,   477.90
  475.51,   470.62,   603.95
  470.21,   470.53,   729.56
  600.91,   221.47,   481.60
  599.62,   221.22,   606.83
  598.19,   220.15,   731.51
  603.19,   346.32,   480.09
  600.61,   345.20,   606.05
  597.38,   344.15,   732.34
  604.55,   471.10,   479.41
  601.51,   470.18,   605.57
  598.00,   469.37,   732.19
  351.17,   224.36,   600.97
  353.17,   222.71,   726.88
  354.28,   222.78,   853.04
  351.60,   348.55,   601.19
  351.40,   347.18,   727.01
  352.71,   347.75,   852.86
  352.36,   473.28,   601.52
  351.36,   473.32,   727.08
  352.85,   473.92,   851.74
  476.07,   222.60,   600.75
  478.10,   221.15,   726.12
  479.25,   221.63,   852.54
  476.13,   346.21,   600.38
  475.44,   345.07,   726.48
  476.40,   346.26,   852.07
  477.08,   471.22,   600.26
  474.64,   471.25,   726.18
  476.08,   472.11,   851.35
  601.17,   221.60,   600.55
  602.33,   220.83,   725.57
  603.26,   221.20,   850.08
  601.92,   345.97,   599.40
  601.87,   344.76,   725.93
  602.65,   344.93,   851.11
  603.17,   470.81,   599.11
  602.86,   469.84,   725.53
  603.42,   470.04,   850.94
  350.41,   348.07,   101.99
  347.96,   346.06,   226.54
  345.56,   343.97,   350.91
  347.67,   474.12,   104.61
  345.64,   471.62,   229.51
  343.34,   468.46,   353.86
  344.98,   599.49,   107.34
  342.63,   597.07,   232.32
  340.02,   593.43,   357.00
  474.09,   351.26,   104.97
  472.13,   349.15,   229.25
  470.52,   346.60,   353.54
  471.20,   476.96,   107.98
  469.24,   475.18,   231.71
  468.06,   471.46,   355.65
  469.07,   602.63,   110.35
  466.68,   600.32,   234.56
  465.00,   596.41,   359.06
  600.34,   353.81,   107.24
  597.06,   351.51,   232.08
  595.09,   349.36,   356.10
  597.43,   479.05,   110.17
  594.38,   477.26,   234.08
  592.80,   474.50,   358.37
  594.75,   604.47,   112.94
  592.07,   602.30,   237.17
  589.98,   599.07,   361.87
  350.91,   351.94,   226.12
  348.31,   349.45,   350.13
  344.76,   345.73,   474.58
  349.34,   477.32,   229.55
  347.05,   473.84,   353.71
  343.39,   469.88,   478.34
  347.15,   602.86,   232.96
  344.59,   598.86,   357.36
  340.70,   594.94,   481.91
  474.93,   354.02,   229.12
  472.96,   350.89,   353.08
  469.81,   346.66,   477.60
  472.83,   479.73,   231.94
  471.78,   475.59,   355.88
  468.54,   471.17,   480.71
  471.72,   605.03,   235.33
  469.40,   600.78,   360.01
  466.20,   596.73,   484.90
  600.17,   355.23,   231.65
  597.77,   352.50,   356.05
  594.76,   348.74,   480.94
  598.30,   480.99,   234.63
  596.06,   477.72,   358.76
  592.99,   473.70,   483.94
  596.79,   606.08,   238.27
  594.28,   602.59,   362.84
  591.24,   598.48,   487.96
  351.73,   352.49,   351.44
  353.47,   355.16,   476.27
  354.03,   357.16,   601.56
  351.03,   476.86,   348.69
  352.53,   479.74,   473.30
  352.55,   482.12,   598.73
  348.91,   601.94,   345.98
  350.44,   604.55,   470.47
  351.31,   608.22,   595.63
  476.82,   353.76,   349.54
  478.84,   356.19,   474.05
  478.80,   357.73,   599.79
  475.96,   478.60,   345.63
  477.77,   480.39,   470.73
  477.17,   482.95,   596.72
  473.72,   603.70,   343.30
  475.92,   606.30,   468.27
  476.15,   609.22,   593.75
  601.59,   354.81,   347.35
  603.36,   358.11,   472.04
  604.43,   360.37,   597.98
  600.44,   480.09,   343.55
  602.37,   482.84,   468.60
  603.01,   485.15,   594.79
  599.01,   605.03,   340.99
  601.08,   607.73,   466.41
  602.20,   610.35,   591.80
  350.69,   350.48,   475.64
  353.16,   351.90,   600.88
  355.69,   353.61,   726.34
  349.90,   474.44,   472.55
  351.84,   476.93,   598.03
  353.26,   479.89,   723.39
  348.32,   599.77,   470.30
  351.27,   602.63,   595.32
  354.14,   606.76,   720.52
  476.02,   350.76,   471.78
  477.85,   352.06,   597.17
  479.54,   353.93,   723.08
  475.38,   474.97,   468.26
  476.44,   477.12,   594.04
  477.13,   480.25,   720.13
  473.65,   600.81,   466.20
  476.24,   603.36,   591.56
  478.53,   607.21,   716.66
  600.46,   352.04,   467.63
  603.50,   354.20,   593.37
  606.20,   356.10,   719.78
  599.94,   476.84,   464.48
  602.51,   479.17,   590.24
  604.72,   481.15,   716.70
  598.79,   601.93,   462.06
  602.22,   604.23,   587.60
  604.96,   607.13,   712.83
  349.09,   349.87,   598.44
  347.47,   352.36,   723.95
  347.29,   356.17,   849.55
  348.02,   474.81,   595.14
  345.63,   478.37,   720.44
  345.82,   482.44,   845.46
  348.19,   600.40,   591.58
  346.84,   605.06,   716.56
  347.17,   608.63,   841.40
  473.77,   349.59,   598.83
  471.34,   351.81,   724.57
  470.84,   356.61,   850.48
  472.66,   474.60,   595.15
  469.06,   478.21,   720.94
  469.20,   482.56,   845.87
  472.94,   601.00,   591.68
  471.11,   604.96,   716.99
  471.35,   609.34,   841.14
  599.22,   351.06,   599.18
  597.67,   353.36,   725.55
  597.24,   357.44,   851.02
  598.96,   475.72,   595.35
  596.73,   478.35,   721.52
  596.17,   482.47,   847.14
  598.86,   601.18,   591.64
  597.76,   604.49,   717.02
  597.47,   608.36,   841.34
  350.02,   474.22,   102.72
  348.50,   473.54,   227.69
  347.32,   472.36,   351.71
  346.83,   599.95,   103.31
  345.54,   599.19,   228.51
  343.67,   597.49,   353.05
  344.36,   724.63,   104.42
  341.96,   724.66,   229.54
  338.74,   722.83,   354.07
  473.66,   477.80,   104.96
  472.39,   477.68,   228.95
  471.97,   475.88,   352.83
  471.19,   603.25,   106.02
  469.82,   603.00,   229.87
  468.63,   601.02,   354.45
  469.42,   728.09,   106.73
  467.10,   727.65,   231.08
  464.47,   726.55,   356.44
  599.73,   480.42,   106.37
  597.65,   480.01,   230.60
  596.66,   479.48,   354.75
  596.79,   605.75,   107.38
  594.82,   605.25,   231.67
  593.58,   604.28,   356.61
  594.42,   731.21,   108.10
  591.96,   729.68,   232.86
  589.60,   728.41,   358.60
  349.79,   473.99,   223.74
  353.23,   474.37,   347.99
  355.49,   474.16,   472.91
  348.90,   599.72,   223.66
  352.07,   599.23,   348.22
  354.56,   599.03,   472.70
  348.39,   724.78,   223.40
  349.97,   724.72,   348.09
  352.73,   724.59,   472.73
  473.19,   475.41,   220.45
  478.00,   474.95,   344.40
  480.97,   474.34,   469.28
  473.35,   600.71,   220.20
  477.01,   600.17,   344.75
  479.64,   599.82,   469.93
  473.86,   725.26,   219.80
  475.67,   725.67,   345.39
  478.24,   726.04,   471.03
  598.50,   474.76,   217.21
  602.40,   475.68,   341.36
  605.33,   475.55,   466.56
  598.60,   600.00,   217.03
  601.84,   600.45,   341.73
  604.96,   600.56,   466.97
  598.44,   724.66,   216.63
  601.33,   725.01,   342.30
  603.86,   725.66,   468.35
  349.47,   476.21,   350.17
  348.85,   479.58,   474.81
  346.73,   482.41,   600.06
  344.84,   601.12,   346.96
  344.57,   604.39,   471.57
  343.27,   608.32,   596.53
  339.90,   726.24,   343.31
  339.74,   729.79,   467.95
  340.54,   734.01,   592.63
  474.06,   479.97,   349.09
  473.70,   482.51,   474.21
  470.85,   485.25,   600.05
  469.75,   605.13,   346.20
  469.77,   607.99,   471.23
  468.35,   611.76,   596.82
  465.61,   730.45,   343.33
  464.92,   734.15,   469.35
  466.10,   738.51,   594.15
  598.28,   483.71,   349.17
  598.37,   487.21,   473.96
  596.98,   489.66,   600.08
  594.76,   608.48,   346.19
  595.11,   611.85,   471.27
  593.89,   614.96,   596.77
  590.97,   732.97,   343.42
  590.61,   737.02,   469.56
  591.24,   740.79,   594.47
  351.73,   473.09,   475.62
  349.41,   470.11,   601.07
  346.72,   467.20,   726.85
  347.40,   598.10,   478.56
  346.10,   595.60,   603.76
  344.45,   594.03,   729.07
  342.66,   723.73,   481.46
  343.12,   721.54,   606.37
  343.99,   719.88,   731.15
  477.23,   476.59,   475.70
  473.76,   473.01,   601.64
  470.00,   470.19,   727.61
  472.82,   602.08,   479.07
  470.84,   599.15,   604.61
  468.53,   597.34,   729.84
  467.87,   728.11,   483.11
  468.38,   726.17,   607.94
  469.59,   724.13,   731.81
  601.89,   481.39,   476.08
  599.86,   477.54,   602.32
  597.67,   473.83,   728.55
  598.10,   606.11,   479.65
  596.39,   602.85,   605.23
  595.13,   600.18,   730.30
  593.53,   731.37,   484.18
  593.57,   728.77,   608.98
  593.95,   726.44,   731.96
  350.62,   474.91,   600.67
  350.56,   475.38,   726.29
  353.75,   476.31,   851.34
  352.20,   600.96,   600.58
  353.62,   602.00,   725.60
  356.85,   602.76,   850.45
  354.65,   726.88,   600.05
  358.85,   728.39,   724.85
  361.85,   728.42,   849.30
  474.95,   472.69,   598.27
  474.19,   473.30,   723.95
  477.20,   474.62,   849.05
  477.12,   599.13,   597.89
  477.97,   600.22,   723.22
  481.29,   601.15,   847.48
  480.00,   725.95,   598.24
  484.17,   727.23,   722.16
  487.31,   726.71,   845.48
  601.10,   472.23,   595.28
  602.23,   471.90,   721.72
  604.44,   472.53,   847.46
  603.18,   597.68,   595.37
  604.74,   597.79,   720.52
  607.12,   598.16,   845.25
  605.25,   723.37,   596.17
  608.15,   723.77,   719.40
  610.93,   723.81,   842.33
  348.63,   598.82,   101.87
  345.76,   599.15,   226.84
  342.44,   597.78,   351.49
  349.32,   723.86,   102.32
  345.80,   724.25,   227.35
  341.19,   723.33,   352.21
  350.06,   849.10,   102.47
  346.41,   849.33,   227.46
  341.94,   848.30,   352.36
  472.85,   599.00,   105.65
  469.92,   598.95,   229.49
  467.55,   598.04,   354.24
  474.59,   723.99,   105.84
  471.15,   723.87,   230.29
  466.93,   723.26,   355.71
  475.48,   849.21,   105.95
  472.01,   849.12,   230.11
  467.41,   848.49,   356.15
  598.62,   597.83,   108.64
  595.04,   598.08,   232.92
  592.66,   597.36,   357.34
  599.70,   723.38,   108.47
  595.95,   722.20,   233.20
  592.51,   722.09,   359.17
  600.65,   849.70,   109.26
  596.63,   847.74,   233.21
  591.98,   847.63,   359.55
  351.89,   599.43,   225.79
  353.56,   601.22,   350.45
  354.52,   603.05,   475.05
  354.92,   724.44,   223.30
  355.41,   726.66,   347.98
  356.58,   728.52,   472.94
  358.71,   849.47,   220.53
  358.68,   851.42,   345.70
  360.20,   853.50,   471.01
  476.13,   596.43,   223.61
  478.50,   598.17,   348.30
  479.59,   599.81,   473.18
  480.15,   720.99,   221.07
  481.10,   723.13,   346.54
  482.16,   725.64,   472.70
  484.44,   846.25,   218.19
  484.41,   848.57,   344.18
  485.24,   850.89,   471.39
  601.18,   592.40,   221.85
  603.25,   594.68,   346.53
  605.15,   596.63,   471.66
  605.15,   716.28,   219.62
  606.20,   718.71,   345.13
  607.84,   721.50,   471.06
  608.55,   842.04,   216.43
  608.86,   844.23,   342.79
  610.42,   846.97,   470.36
  349.50,   598.70,   350.86
  351.94,   595.88,   475.56
  353.33,   593.66,   600.67
  347.76,   724.08,   353.19
  350.46,   721.56,   478.15
  353.91,   719.91,   603.21
  347.41,   848.86,   355.67
  349.77,   846.54,   480.72
  353.93,   844.72,   605.09
  474.48,   599.63,   347.63
  476.92,   596.55,   472.69
  478.31,   593.88,   598.36
  473.56,   724.88,   350.71
  475.91,   722.63,   476.85
  479.19,   720.64,   601.53
  472.92,   850.36,   353.03
  474.95,   847.58,   480.15
  479.34,   845.97,   604.23
  599.55,   599.98,   344.99
  602.17,   597.13,   469.83
  603.97,   594.28,   595.45
  598.69,   724.06,   348.30
  601.33,   722.34,   474.13
  604.13,   719.91,   598.97
  597.76,   849.67,   350.62
  600.41,   847.97,   478.14
  604.62,   845.47,   603.20
  351.65,   598.03,   474.70
  350.04,   597.77,   599.91
  348.18,   597.84,   725.43
  350.63,   723.41,   475.76
  351.06,   723.51,   600.58
  351.79,   723.95,   725.29
  350.87,   848.67,   476.39
  351.67,   848.24,   600.78
  353.18,   849.00,   724.02
  476.99,   598.01,   475.31
  474.92,   597.28,   600.72
  472.31,   597.11,   725.85
  476.28,   724.02,   477.33
  476.60,   724.03,   601.97
  477.42,   724.24,   725.91
  476.15,   849.04,   478.84
  477.24,   849.37,   603.34
  479.16,   849.82,   724.78
  602.22,   597.87,   475.87
  600.90,   596.90,   601.49
  599.16,   596.09,   726.90
  602.09,   723.15,   478.08
  601.89,   722.46,   603.03
  601.77,   721.98,   726.33
  601.33,   848.71,   480.27
  602.34,   848.08,   605.21
  603.33,   847.71,   726.26
  347.22,   600.10,   599.45
  344.08,   600.44,   724.95
  342.12,   600.70,   849.62
  345.64,   725.86,   599.48
  344.87,   726.57,   724.50
  342.38,   726.64,   849.38
  343.68,   850.66,   598.94
  342.94,   851.23,   722.62
  340.28,   851.73,   848.97
  472.18,   602.45,   602.11
  468.06,   602.79,   727.36
  466.41,   602.99,   851.51
  471.09,   729.16,   602.96
  470.22,   729.80,   726.83
  468.75,   728.57,   850.32
  469.13,   854.04,   603.54
  468.84,   855.50,   724.97
  465.99,   853.94,   850.04
  597.82,   604.88,   604.54
  594.42,   604.52,   729.72
  592.30,   604.48,   853.84
  596.34,   730.47,   605.64
  594.49,   730.62,   728.84
  592.34,   729.76,   852.16
  594.15,   856.14,   607.46
  593.15,   855.99,   728.18
  588.85,   854.43,   852.15
  476.20,    99.69,   102.01
  475.98,   103.29,   227.42
  474.40,   108.88,   352.05
  477.98,   224.43,    98.26
  478.16,   228.36,   224.27
  477.69,   233.64,   348.45
  480.89,   350.04,    95.23
  480.78,   354.51,   219.49
  481.67,   358.09,   343.60
  600.77,    97.04,   101.93
  600.28,   100.74,   227.58
  599.22,   104.99,   353.00
  604.46,   221.70,    98.76
  603.24,   224.97,   224.58
  602.47,   229.63,   349.06
  607.45,   346.51,    95.29
  606.15,   350.59,   219.83
  605.95,   355.23,   344.22
  725.60,    94.55,   100.91
  724.41,    98.45,   227.23
  724.05,   100.79,   353.20
  731.52,   219.90,    98.07
  728.30,   222.91,   223.66
  726.90,   226.25,   349.22
  734.44,   342.79,    95.34
  731.57,   346.76,   220.08
  730.06,   351.80,   344.65
  476.68,    99.97,   226.75
  473.74,    98.68,   351.67
  471.58,    96.39,   476.61
  475.22,   224.97,   230.75
  472.86,   223.73,   355.02
  470.67,   221.21,   479.32
  473.50,   350.90,   232.46
  472.60,   348.20,   356.42
  470.32,   344.45,   481.26
  601.12,   101.52,   228.56
  598.63,    98.76,   354.20
  596.50,    96.27,   479.26
  600.02,   225.85,   232.54
  597.53,   223.77,   357.27
  595.56,   221.13,   481.72
  598.66,   351.51,   234.08
  597.22,   349.27,   358.53
  595.31,   346.04,   483.40
  725.68,   102.99,   230.13
  723.48,    98.68,   356.06
  721.23,    94.45,   481.41
  725.17,   227.30,   232.90
  721.94,   224.29,   358.75
  719.98,   221.49,   484.42
  723.88,   351.48,   235.73
  721.17,   349.82,   360.64
  719.49,   347.74,   485.90
  474.80,    99.41,   349.35
  475.83,   103.43,   474.59
  477.72,   105.99,   599.38
  472.38,   224.33,   346.72
  473.49,   227.75,   470.81
  475.17,   229.42,   595.99
  470.82,   349.02,   342.28
  472.01,   351.54,   466.90
  471.64,   352.88,   592.62
  599.70,   101.29,   348.33
  600.85,   104.39,   473.60
  602.17,   107.31,   598.21
  597.21,   225.94,   345.62
  598.56,   229.51,   470.17
  600.13,   231.98,   595.44
  595.51,   351.60,   341.03
  596.75,   354.40,   465.81
  597.14,   356.24,   591.79
  724.70,   102.67,   346.88
  725.71,   104.39,   472.21
  725.88,   107.34,   596.56
  721.71,   227.87,   343.66
  722.87,   231.35,   469.23
  724.41,   234.59,   594.45
  719.25,   353.47,   339.43
  720.98,   357.58,   464.73
  723.32,   360.28,   591.04
  473.40,   103.69,   475.37
  476.93,   104.44,   600.14
  480.98,   104.40,   724.95
  471.24,   228.01,   473.87
  474.46,   227.70,   598.74
  477.39,   226.96,   724.18
  469.79,   351.80,   471.85
  470.51,   351.17,   597.60
  471.04,   351.01,   723.60
  598.42,   104.71,   472.75
  601.33,   105.76,   597.78
  604.00,   106.43,   721.53
  595.92,   230.07,   471.28
  599.08,   230.36,   596.86
  602.20,   230.43,   721.82
  594.37,   354.62,   469.09
  596.29,   354.38,   594.81
  597.78,   354.03,   721.40
  723.04,   104.78,   470.20
  724.97,   105.59,   594.17
  726.60,   107.86,   718.01
  720.42,   231.28,   468.91
  723.71,   232.87,   594.36
  726.42,   234.56,   718.94
  718.57,   357.75,   466.39
  722.31,   358.57,   592.77
  725.90,   358.89,   719.56
  475.74,   102.66,   601.21
  480.39,   101.60,   726.22
  484.52,   101.66,   851.72
  478.40,   225.93,   600.89
  482.65,   224.07,   726.41
  486.44,   224.82,   852.52
  479.89,   349.49,   600.24
  481.55,   348.10,   726.36
  485.34,   349.16,   852.43
  599.53,    98.71,   597.84
  603.11,    98.44,   721.59
  606.72,    98.30,   846.17
  602.96,   223.19,   597.76
  606.93,   222.56,   723.05
  610.37,   222.46,   847.48
  605.40,   347.63,   596.93
  608.50,   346.31,   723.21
  611.74,   346.38,   848.45
  723.52,    93.12,   593.58
  726.05,    94.66,   717.08
  729.23,    94.87,   840.95
  727.43,   220.40,   594.50
  731.19,   221.23,   718.99
  734.26,   221.37,   843.05
  731.66,   346.43,   593.81
  736.21,   345.54,   720.37
  739.21,   344.99,   845.32
  474.42,   225.68,    99.74
  476.07,   224.93,   225.41
  476.64,   225.53,   349.99
  473.78,   350.95,   100.92
  474.97,   351.06,   225.26
  476.89,   350.15,   349.33
  473.40,   477.06,   101.82
  474.54,   476.73,   225.67
  477.09,   475.11,   349.68
  600.60,   226.02,    98.46
  600.94,   224.85,   224.29
  601.24,   225.09,   349.07
  600.16,   351.04,    99.66
  600.44,   350.68,   224.45
  601.69,   350.40,   348.66
  599.45,   476.44,   100.57
  599.83,   476.18,   224.75
  601.63,   475.71,   348.71
  727.94,   227.40,    96.81
  725.93,   226.09,   222.25
  725.91,   224.55,   347.89
  727.53,   350.47,    98.49
  725.82,   349.88,   223.14
  725.49,   350.44,   347.83
  727.30,   475.90,    99.40
  726.29,   474.68,   224.05
  725.92,   476.03,   348.52
  475.71,   224.30,   226.27
  476.27,   226.87,   350.52
  477.00,   227.93,   475.13
  477.45,   350.34,   224.43
  479.59,   351.67,   348.75
  480.34,   351.76,   473.19
  479.59,   476.57,   223.02
  482.22,   476.74,   347.12
  482.81,   476.04,   472.13
  600.76,   221.97,   225.39
  601.25,   223.96,   350.16
  602.05,   225.07,   474.86
  602.76,   347.53,   223.40
  604.01,   349.23,   347.75
  604.77,   350.05,   472.51
  605.08,   473.35,   222.08
  606.67,   474.43,   346.14
  607.52,   475.02,   471.18
  726.02,   220.49,   222.93
  725.50,   220.99,   348.54
  726.46,   221.71,   474.25
  728.27,   344.55,   222.22
  728.18,   346.71,   347.00
  729.33,   348.35,   472.05
  731.12,   469.02,   221.56
  730.60,   471.80,   346.20
  732.05,   473.97,   470.91
  474.83,   227.17,   349.54
  472.40,   229.94,   473.77
  470.09,   230.50,   598.53
  476.27,   352.09,   346.03
  473.54,   353.43,   470.55
  469.30,   353.88,   596.29
  476.84,   477.14,   343.42
  474.28,   477.72,   468.44
  469.37,   478.83,   594.35
  599.94,   226.25,   351.71
  597.45,   228.94,   476.64
  595.31,   230.13,   601.80
  600.82,   351.55,   348.59
  598.23,   353.77,   473.27
  594.80,   354.31,   599.22
  601.18,   477.20,   345.87
  598.95,   478.51,   470.67
  594.96,   479.28,   596.94
  724.22,   225.36,   353.77
  721.82,   227.68,   479.24
  719.86,   230.17,   604.71
  724.47,   351.33,   350.69
  722.55,   354.01,   475.87
  721.16,   355.80,   602.13
  725.39,   476.51,   348.90
  723.25,   479.48,   473.61
  722.45,   480.82,   599.60
  475.94,   225.82,   473.52
  472.85,   226.22,   598.60
  470.15,   226.27,   724.11
  473.68,   349.49,   470.92
  468.62,   349.82,   596.16
  462.88,   350.33,   722.21
  470.83,   473.92,   468.60
  464.74,   474.60,   594.66
  457.61,   476.53,   720.16
  601.06,   228.75,   477.63
  597.64,   230.09,   602.83
  594.45,   230.94,   728.00
  598.08,   353.62,   474.34
  593.93,   353.94,   600.07
  589.05,   354.54,   726.43
  595.35,   478.35,   471.87
  590.37,   478.95,   598.11
  584.60,   479.97,   724.07
  725.21,   231.38,   481.15
  722.45,   233.77,   606.75
  718.84,   236.18,   731.41
  722.72,   357.72,   477.94
  720.24,   359.06,   604.25
  717.12,   360.01,   730.85
  719.78,   482.99,   475.53
  717.36,   483.74,   601.71
  714.58,   483.61,   728.31
  473.47,   225.06,   598.59
  472.32,   223.24,   723.91
  470.59,   223.84,   849.97
  472.84,   348.64,   598.39
  468.62,   347.37,   724.04
  466.67,   348.17,   850.08
  472.26,   473.45,   598.44
  467.21,   473.40,   724.22
  465.54,   474.18,   849.27
  598.57,   224.92,   601.37
  596.90,   224.02,   726.21
  594.87,   224.18,   850.84
  598.30,   349.26,   600.39
  595.20,   347.84,   726.67
  592.78,   348.24,   852.11
  598.45,   474.31,   600.22
  594.62,   473.18,   726.74
  592.58,   473.32,   852.02
  723.02,   224.86,   603.03
  721.14,   225.57,   727.86
  718.79,   225.49,   851.82
  724.66,   350.75,   602.75
  723.27,   349.93,   729.34
  720.21,   349.07,   854.34
  725.69,   475.37,   602.56
  724.71,   473.42,   729.30
  721.61,   472.61,   854.71
  472.60,   348.86,   102.65
  470.82,   348.70,   227.21
  469.83,   348.27,   351.07
  472.32,   474.85,   103.70
  470.54,   474.74,   227.42
  469.57,   473.04,   351.73
  472.64,   600.23,   104.62
  470.34,   600.06,   228.78
  469.05,   598.30,   353.10
  599.08,   348.90,   104.92
  596.00,   348.49,   229.31
  594.37,   348.33,   353.85
  598.51,   474.39,   105.62
  595.45,   474.53,   229.65
  594.34,   473.71,   354.01
  598.29,   600.06,   106.43
  595.83,   599.65,   230.77
  593.98,   598.49,   355.46
  726.13,   348.65,   106.85
  721.52,   348.31,   231.49
  717.96,   348.73,   355.95
  726.04,   473.86,   107.96
  721.79,   473.01,   232.48
  718.31,   473.87,   357.07
  724.99,   598.94,   107.99
  721.63,   598.47,   234.07
  718.75,   598.66,   358.71
  474.23,   350.54,   224.67
  478.93,   350.29,   348.68
  482.47,   349.57,   473.49
  474.60,   476.31,   224.56
  480.25,   475.25,   348.24
  483.64,   473.87,   473.55
  475.74,   601.60,   224.84
  480.35,   600.77,   349.36
  483.89,   599.56,   474.66
  599.34,   349.27,   220.67
  603.56,   349.47,   345.00
  607.22,   349.53,   469.56
  599.97,   474.82,   220.47
  604.45,   474.79,   344.62
  608.29,   474.45,   469.69
  601.03,   600.03,   220.85
  605.42,   599.67,   345.43
  608.95,   599.25,   470.48
  724.78,   347.81,   216.40
  727.54,   348.91,   341.10
  731.51,   349.22,   466.29
  726.05,   472.16,   217.04
  728.80,   474.05,   341.54
  732.76,   474.94,   466.11
  726.87,   597.62,   217.67
  729.99,   598.89,   342.46
  733.73,   598.82,   467.46
  475.17,   349.65,   349.72
  472.19,   347.11,   474.78
  467.93,   343.55,   600.14
  474.69,   474.52,   351.12
  471.87,   471.22,   476.26
  466.41,   468.22,   602.16
  473.68,   599.51,   353.91
  470.72,   597.08,   479.11
  466.23,   594.92,   604.36
  599.76,   350.14,   352.57
  596.90,   348.27,   477.18
  593.69,   345.00,   603.21
  599.13,   475.49,   353.50
  596.58,   473.06,   478.92
  592.73,   469.85,   604.84
  598.56,   600.24,   356.27
  595.88,   597.95,   481.58
  592.14,   595.21,   606.97
  723.46,   350.57,   354.74
  721.50,   349.62,   480.25
  719.80,   347.47,   606.48
  723.32,   475.92,   356.78
  721.19,   475.16,   481.53
  719.78,   472.02,   607.95
  723.37,   600.55,   359.58
  720.85,   598.93,   484.42
  718.90,   596.05,   609.83
  474.86,   350.74,   473.00
  472.47,   346.47,   598.53
  469.81,   342.56,   724.71
  476.81,   475.27,   475.38
  473.43,   471.27,   601.48
  469.23,   468.78,   727.48
  477.82,   600.88,   478.91
  475.69,   598.00,   604.39
  473.04,   595.83,   729.89
  599.26,   349.60,   473.64
  597.91,   345.71,   599.47
  596.29,   341.89,   726.01
  601.47,   474.40,   476.03
  599.46,   470.57,   601.91
  597.15,   466.98,   728.63
  603.25,   599.44,   479.49
  601.43,   595.85,   605.08
  599.75,   592.77,   730.29
  723.81,   348.44,   474.53
  724.12,   345.74,   600.77
  724.13,   342.51,   727.49
  726.02,   474.09,   476.76
  726.86,   470.62,   603.12
  727.09,   465.95,   729.80
  728.22,   598.06,   480.30
  728.38,   594.28,   605.74
  728.30,   590.10,   731.19
  473.99,   349.83,   599.09
  474.56,   349.49,   724.82
  477.06,   351.02,   850.79
  472.14,   475.01,   598.40
  471.49,   475.67,   724.03
  474.58,   477.30,   849.02
  471.66,   601.50,   597.93
  472.60,   602.70,   722.93
  476.26,   603.73,   847.16
  599.40,   352.17,   596.28
  601.30,   351.65,   722.52
  603.67,   352.63,   848.08
  598.07,   476.77,   595.48
  599.12,   476.74,   721.73
  601.74,   477.85,   847.37
  597.44,   602.25,   595.09
  599.29,   603.01,   720.20
  602.37,   603.74,   844.77
  725.61,   354.92,   593.79
  729.20,   355.16,   720.67
  731.35,   355.12,   845.73
  725.04,   479.85,   592.76
  729.24,   478.81,   719.76
  731.13,   478.58,   844.93
  723.91,   603.42,   592.21
  727.34,   602.82,   717.42
  729.09,   603.25,   842.20
  472.59,   474.02,   102.05
  469.81,   477.11,   225.91
  468.47,   478.87,   349.60
  474.37,   599.55,    99.64
  471.50,   602.53,   223.71
  468.83,   604.38,   348.09
  476.58,   724.24,    97.05
  473.32,   727.25,   221.20
  469.24,   729.36,   346.54
  598.41,   472.38,   104.87
  594.91,   475.68,   228.83
  592.85,   478.32,   352.89
  599.68,   597.86,   102.11
  596.54,   600.68,   226.40
  594.14,   603.21,   351.11
  601.36,   722.99,    99.52
  597.91,   725.13,   224.06
  594.74,   727.58,   349.62
  726.27,   470.30,   107.50
  721.24,   472.87,   232.29
  716.89,   477.39,   356.41
  726.31,   595.56,   104.59
  722.34,   598.31,   230.34
  718.96,   601.66,   355.08
  724.75,   719.69,   101.50
  721.89,   722.43,   227.24
  720.20,   725.65,   353.35
  471.82,   475.62,   224.46
  472.58,   472.97,   348.48
  471.58,   469.45,   473.44
  473.97,   600.82,   226.46
  473.65,   597.79,   350.98
  472.29,   595.11,   476.44
  476.03,   725.77,   228.98
  474.17,   723.08,   354.24
  473.02,   721.26,   480.32
  597.06,   473.36,   225.06
  597.29,   471.46,   349.16
  596.37,   468.98,   474.35
  598.96,   598.73,   227.34
  598.68,   596.44,   352.01
  597.76,   593.90,   477.07
  600.99,   722.72,   229.51
  599.56,   720.65,   355.43
  598.71,   719.04,   481.21
  723.27,   470.14,   226.11
  721.45,   470.29,   350.78
  720.60,   468.98,   475.64
  724.88,   595.64,   228.72
  723.45,   594.73,   353.60
  722.77,   592.94,   478.60
  724.84,   719.95,   230.73
  724.95,   718.25,   356.65
  724.15,   715.68,   482.08
  474.14,   476.94,   347.09
  477.00,   479.19,   472.34
  476.97,   481.75,   598.15
  470.15,   602.15,   344.27
  473.15,   604.89,   469.69
  474.48,   608.44,   595.16
  466.18,   727.59,   342.04
  468.62,   730.89,   467.78
  472.38,   734.95,   592.75
  598.54,   480.65,   344.04
  601.42,   483.49,   469.30
  603.23,   485.86,   594.94
  595.27,   605.28,   341.39
  598.19,   608.38,   466.64
  600.09,   611.34,   591.89
  591.29,   729.67,   338.97
  594.20,   733.23,   464.84
  597.41,   737.00,   590.15
  722.52,   483.41,   341.51
  725.71,   488.19,   466.24
  729.99,   490.65,   592.25
  719.95,   608.05,   339.11
  723.02,   611.54,   463.91
  726.48,   614.54,   589.20
  716.65,   731.50,   336.25
  719.89,   734.98,   462.34
  722.21,   737.97,   586.96
  474.41,   475.80,   472.56
  471.62,   475.00,   598.62
  468.65,   475.25,   724.34
  475.82,   601.44,   473.25
  474.25,   601.63,   598.67
  472.70,   602.18,   724.07
  476.87,   727.62,   474.82
  477.78,   728.23,   599.69
  479.85,   729.07,   723.18
  598.87,   474.94,   472.50
  597.90,   473.91,   598.26
  596.35,   473.09,   724.94
  600.90,   599.76,   473.01
  600.38,   599.50,   598.64
  599.57,   599.08,   723.97
  602.53,   724.80,   474.59
  603.00,   724.96,   599.50
  603.79,   725.19,   722.75
  723.56,   474.54,   472.32
  724.92,   473.71,   598.70
  726.21,   471.96,   725.35
  725.81,   598.28,   472.97
  726.92,   597.62,   598.57
  727.71,   596.04,   723.89
  728.03,   721.13,   474.71
  727.52,   720.73,   599.42
  727.13,   721.30,   722.23
  474.67,   472.91,   600.67
  468.57,   473.42,   726.85
  465.76,   475.34,   851.91
  472.09,   599.21,   600.44
  467.41,   600.46,   725.58
  464.94,   601.40,   849.81
  470.23,   726.13,   600.47
  468.84,   727.59,   724.22
  466.69,   726.94,   847.92
  600.62,   477.09,   603.74
  595.74,   476.83,   730.08
  592.65,   478.05,   855.60
  598.03,   602.22,   603.52
  594.15,   603.06,   728.52
  591.02,   603.62,   853.00
  595.65,   728.07,   603.76
  593.33,   729.24,   726.93
  590.58,   729.43,   849.91
  728.21,   481.60,   607.35
  725.99,   480.47,   734.08
  721.14,   480.72,   858.94
  724.19,   605.39,   606.45
  721.98,   604.92,   731.66
  717.63,   605.40,   856.28
  719.65,   729.11,   606.43
  716.59,   729.94,   729.12
  713.17,   731.22,   852.70
  473.51,   601.24,   100.59
  470.93,   600.07,   224.72
  468.90,   597.72,   348.91
  472.73,   726.19,   102.14
  469.73,   724.85,   225.95
  466.17,   722.99,   351.38
  471.24,   851.43,   103.05
  468.49,   850.27,   226.95
  464.52,   848.40,   353.03
  598.85,   602.26,   102.74
  595.91,   601.20,   227.00
  594.09,   599.62,   351.86
  597.79,   727.56,   104.01
  594.75,   725.54,   228.44
  591.45,   724.10,   354.33
  596.44,   854.29,   105.51
  593.18,   851.09,   229.44
  588.99,   849.64,   355.79
  725.52,   602.59,   104.69
  721.61,   601.28,   230.23
  718.67,   601.15,   354.94
  720.86,   727.13,   105.76
  718.41,   726.03,   231.60
  717.07,   724.89,   357.38
  719.87,   856.30,   108.57
  717.12,   852.05,   232.26
  715.11,   850.52,   359.26
  474.34,   602.85,   225.94
  473.48,   601.53,   350.15
  472.12,   600.66,   475.55
  473.78,   727.52,   225.97
  471.38,   726.96,   351.60
  469.74,   726.58,   477.36
  473.02,   852.89,   225.97
  469.89,   852.23,   351.72
  468.12,   851.50,   478.86
  599.59,   603.40,   226.96
  598.88,   602.74,   351.62
  597.38,   602.14,   476.97
  598.32,   727.64,   227.43
  596.90,   727.20,   352.93
  595.35,   727.31,   478.97
  597.24,   853.32,   226.82
  594.71,   852.84,   353.50
  593.33,   852.86,   480.83
  725.17,   603.03,   228.86
  723.68,   603.80,   353.58
  722.22,   603.60,   478.61
  722.30,   727.57,   228.86
  722.50,   727.50,   354.57
  721.01,   727.03,   480.72
  721.76,   853.63,   228.00
  720.72,   853.31,   354.91
  719.93,   853.75,   482.85
  474.81,   599.80,   351.26
  475.95,   598.48,   476.58
  475.65,   597.43,   602.07
  473.07,   725.24,   352.85
  474.09,   724.68,   478.77
  476.43,   724.66,   603.48
  472.17,   850.27,   353.38
  473.29,   849.46,   480.42
  476.20,   849.49,   604.62
  599.64,   600.33,   349.68
  601.19,   599.50,   475.05
  601.96,   598.08,   600.36
  598.63,   724.73,   351.15
  599.96,   724.63,   477.41
  601.62,   724.02,   602.28
  597.17,   850.28,   351.82
  598.62,   850.05,   479.41
  601.48,   849.64,   604.35
  724.74,   600.52,   348.91
  726.30,   600.28,   473.78
  728.40,   598.95,   599.14
  723.82,   724.40,   350.19
  725.77,   723.70,   476.06
  726.27,   722.52,   600.67
  723.13,   850.21,   350.95
  725.07,   850.40,   478.52
  726.50,   848.51,   603.56
  475.31,   600.82,   474.38
  474.67,   603.82,   599.79
  474.02,   607.21,   724.73
  475.08,   727.23,   472.67
  476.77,   730.61,   597.59
  479.21,   734.10,   721.35
  475.39,   852.01,   470.76
  477.78,   855.40,   595.43
  480.88,   859.78,   716.62
  600.83,   600.43,   473.28
  600.44,   602.94,   598.96
  600.58,   605.70,   724.34
  600.55,   725.62,   471.99
  601.99,   728.79,   597.26
  603.29,   731.70,   720.21
  600.62,   851.20,   470.87
  602.92,   854.44,   595.80
  605.10,   857.05,   717.03
  725.38,   600.35,   472.82
  726.94,   602.39,   598.25
  728.64,   603.88,   723.52
  726.52,   723.13,   471.32
  726.60,   725.77,   596.40
  726.79,   729.06,   718.90
  727.47,   849.90,   470.38
  728.17,   852.03,   595.77
  728.52,   854.04,   717.04
  475.39,   600.94,   599.86
  470.63,   602.18,   725.05
  468.66,   602.87,   849.34
  473.28,   727.61,   599.93
  472.00,   728.83,   723.46
  469.59,   728.64,   847.51
  469.72,   852.47,   599.73
  469.17,   854.41,   720.94
  465.50,   853.63,   846.39
  601.44,   604.67,   602.83
  597.36,   604.82,   728.21
  594.61,   605.87,   852.09
  598.34,   730.27,   603.35
  596.10,   730.99,   726.49
  593.25,   730.97,   849.52
  594.83,   855.69,   603.95
  593.41,   856.42,   724.98
  588.49,   856.02,   848.51
  727.82,   608.20,   605.65
  725.26,   607.41,   731.24
  720.76,   607.96,   855.69
  722.76,   731.61,   606.08
  719.32,   732.68,   728.78
  716.04,   733.58,   852.00
  720.30,   858.25,   607.42
  716.52,   857.47,   728.92
  711.86,   858.20,   851.96
  597.97,    99.33,    98.81
  600.57,    95.76,   224.40
  603.07,    92.41,   350.08
  598.34,   223.61,   103.10
  600.77,   219.74,   228.79
  603.35,   217.40,   353.76
  598.18,   348.85,   106.68
  600.79,   345.69,   231.26
  604.06,   342.58,   355.58
  723.05,    99.33,    94.62
  724.92,    96.34,   221.10
  728.03,    91.44,   347.10
  725.40,   224.55,    99.25
  725.70,   220.55,   224.43
  727.93,   216.73,   350.35
  725.67,   347.89,   103.50
  725.98,   344.45,   228.05
  727.81,   342.52,   352.90
  849.26,    99.54,    91.49
  851.20,    97.38,   218.05
  853.71,    91.19,   343.62
  849.65,   224.54,    95.31
  851.36,   221.51,   221.50
  852.84,   216.50,   347.01
  849.96,   347.25,   100.51
  851.85,   344.10,   225.73
  853.34,   341.17,   350.96
  598.02,   101.65,   225.57
  597.19,   100.13,   351.29
  596.33,    98.52,   476.57
  599.98,   226.16,   228.32
  599.25,   225.34,   353.25
  598.46,   223.61,   477.95
  601.87,   351.60,   229.20
  601.93,   350.51,   353.83
  601.36,   348.45,   478.40
  722.43,   100.47,   225.92
  721.85,    96.93,   351.96
  720.77,    93.77,   477.15
  725.41,   224.58,   227.49
  723.65,   222.59,   353.44
  722.79,   220.83,   478.97
  727.56,   348.70,   229.49
  725.78,   348.04,   354.35
  725.65,   347.14,   479.46
  848.70,    99.39,   226.31
  847.20,    94.37,   351.64
  845.91,    90.45,   477.35
  850.59,   223.79,   227.88
  848.60,   220.03,   353.77
  847.51,   217.64,   479.82
  853.11,   345.82,   231.00
  851.16,   345.02,   355.93
  850.19,   344.43,   481.57
  598.15,    99.46,   349.33
  594.82,   102.34,   474.40
  591.64,   104.85,   599.13
  596.84,   224.42,   346.52
  593.89,   227.49,   471.43
  590.58,   229.51,   596.39
  596.43,   349.71,   342.69
  593.17,   352.19,   467.13
  589.09,   353.61,   593.14
  722.97,    99.78,   352.47
  719.62,   101.12,   477.83
  715.49,   104.25,   602.03
  721.28,   224.94,   349.10
  718.25,   227.81,   474.86
  715.11,   230.87,   600.16
  720.31,   350.85,   345.46
  717.39,   354.14,   470.57
  715.14,   356.59,   596.80
  848.37,   100.77,   354.82
  844.38,   100.78,   480.08
  840.05,   103.89,   604.79
  846.44,   226.38,   352.03
  842.69,   228.48,   478.19
  839.95,   231.83,   603.47
  845.49,   351.15,   349.75
  842.24,   355.35,   475.17
  840.46,   358.27,   600.99
  601.27,    99.58,   476.07
  602.57,    96.64,   600.80
  603.66,    93.99,   724.87
  604.83,   224.68,   478.43
  606.30,   221.24,   603.62
  607.94,   217.91,   728.47
  608.80,   349.31,   479.30
  609.52,   345.78,   605.45
  610.05,   341.72,   731.68
  725.73,    93.51,   474.57
  726.21,    90.92,   598.84
  726.84,    89.68,   722.44
  728.91,   220.20,   476.93
  730.78,   217.93,   602.17
  732.09,   216.12,   726.60
  732.94,   346.58,   478.46
  735.48,   344.01,   604.66
  737.78,   341.01,   731.34
  850.88,    89.02,   472.31
  851.80,    86.54,   596.71
  852.70,    86.26,   721.00
  853.63,   215.94,   475.43
  855.21,   213.74,   600.84
  856.47,   213.12,   725.12
  857.86,   342.53,   478.21
  860.22,   340.46,   603.81
  862.50,   338.19,   729.36
  600.83,   100.06,   601.50
  603.17,    97.14,   725.49
  605.37,    94.31,   849.94
  604.24,   224.89,   604.33
  606.92,   221.23,   729.42
  609.16,   218.51,   853.85
  606.59,   349.14,   606.69
  608.08,   344.93,   732.89
  610.23,   342.36,   858.11
  724.55,    95.06,   598.20
  726.11,    93.20,   721.59
  728.05,    91.02,   845.79
  728.28,   222.32,   601.79
  731.16,   220.04,   726.61
  733.13,   217.65,   850.20
  732.77,   347.87,   604.51
  736.06,   344.53,   730.87
  737.48,   340.91,   855.75
  849.59,    90.95,   595.24
  851.63,    90.76,   719.32
  854.46,    89.00,   844.45
  852.95,   218.36,   599.40
  855.38,   217.64,   723.85
  857.21,   216.63,   847.67
  857.44,   345.09,   602.51
  860.91,   342.46,   728.02
  862.58,   339.32,   852.33
  601.30,   224.88,   100.22
  602.48,   226.95,   226.13
  603.50,   231.01,   350.78
  598.13,   349.61,    97.98
  598.88,   352.99,   222.18
  600.90,   356.14,   346.71
  594.66,   475.18,    95.14
  595.66,   478.41,   219.24
  598.35,   481.37,   343.50
  728.80,   228.93,    97.60
  727.46,   230.81,   222.92
  728.14,   233.45,   348.27
  725.24,   352.19,    95.83
  724.72,   354.85,   220.42
  724.90,   359.24,   344.70
  721.95,   477.40,    93.19
  722.09,   479.92,   217.83
  722.49,   484.44,   342.49
  852.58,   231.95,    94.84
  852.87,   235.32,   220.96
  853.30,   236.49,   346.91
  849.16,   354.98,    93.96
  850.37,   357.68,   219.32
  850.49,   361.42,   344.25
  847.76,   481.41,    92.28
  848.39,   481.84,   216.94
  847.48,   486.25,   341.98
  600.49,   224.93,   226.86
  600.25,   226.00,   351.61
  599.86,   226.33,   476.61
  597.49,   350.43,   225.97
  597.91,   351.13,   350.21
  597.76,   350.94,   475.20
  594.55,   476.44,   225.31
  595.60,   476.64,   349.83
  595.26,   475.93,   474.82
  725.94,   228.18,   225.57
  724.77,   228.04,   351.46
  724.24,   228.05,   476.91
  723.34,   352.64,   225.56
  721.96,   353.83,   350.26
  721.96,   354.53,   475.51
  721.09,   477.37,   226.16
  719.67,   479.17,   350.58
  719.82,   479.93,   475.36
  851.21,   232.24,   225.46
  849.56,   230.75,   351.51
  849.14,   229.99,   477.24
  848.89,   354.43,   226.53
  847.13,   355.87,   351.59
  846.60,   357.05,   477.20
  847.33,   478.77,   227.13
  844.85,   480.47,   352.05
  844.61,   482.61,   477.33
  597.61,   223.82,   350.30
  594.14,   222.88,   475.01
  591.29,   220.94,   600.50
  600.36,   349.23,   350.79
  596.78,   347.56,   475.38
  592.55,   344.78,   601.13
  602.61,   474.74,   351.63
  599.31,   472.52,   476.66
  594.32,   469.73,   602.74
  722.31,   221.30,   353.14
  718.77,   219.86,   478.74
  715.90,   218.82,   604.15
  724.17,   346.98,   353.87
  721.47,   346.32,   479.02
  718.79,   344.76,   605.44
  726.38,   472.65,   355.40
  723.81,   471.87,   480.09
  721.60,   469.22,   606.26
  847.35,   219.40,   356.16
  843.18,   216.93,   482.20
  840.17,   216.17,   607.61
  849.35,   344.41,   357.81
  846.08,   343.90,   483.77
  843.85,   343.07,   609.24
  851.71,   469.13,   360.19
  848.49,   469.84,   485.23
  847.30,   467.74,   610.60
  598.59,   227.20,   475.02
  596.04,   228.15,   600.18
  593.83,   228.80,   725.15
  600.57,   352.14,   472.04
  597.12,   352.32,   597.95
  593.16,   352.81,   724.29
  602.40,   477.04,   469.93
  598.37,   477.41,   595.90
  593.99,   477.97,   722.29
  722.73,   224.86,   477.83
  720.60,   227.25,   603.30
  718.16,   229.24,   728.02
  724.92,   351.47,   474.83
  723.28,   352.65,   601.26
  721.44,   353.46,   727.95
  726.55,   476.71,   472.79
  725.70,   477.55,   599.06
  723.93,   477.36,   725.79
  847.56,   222.44,   480.63
  845.02,   224.99,   606.08
  842.57,   228.60,   730.49
  849.51,   349.51,   478.72
  848.19,   351.90,   604.79
  847.21,   353.30,   730.53
  851.45,   474.95,   477.14
  850.89,   476.67,   602.73
  850.73,   476.50,   728.28
  598.63,   224.61,   600.61
  599.44,   222.77,   725.89
  600.27,   221.74,   850.33
  594.54,   348.60,   600.99
  594.35,   346.58,   727.25
  594.96,   346.07,   852.66
  590.84,   473.52,   601.77
  590.04,   471.53,   728.25
  590.63,   470.88,   853.65
  723.05,   228.41,   600.05
  723.89,   227.88,   724.82
  724.43,   227.12,   848.84
  720.57,   353.92,   600.44
  722.44,   352.14,   727.45
  722.21,   350.44,   851.91
  717.98,   478.41,   601.26
  719.72,   475.80,   728.00
  719.68,   474.17,   853.09
  847.25,   231.11,   599.34
  848.54,   232.11,   723.66
  848.58,   232.31,   847.77
  845.59,   357.62,   600.30
  848.02,   356.87,   726.15
  847.86,   354.88,   850.71
  843.76,   482.63,   601.16
  847.16,   479.73,   727.09
  846.69,   478.05,   851.99
  598.12,   347.40,   101.94
  600.54,   344.82,   226.44
  603.98,   342.75,   350.90
  599.90,   472.83,   104.92
  602.88,   470.64,   228.91
  606.87,   468.18,   353.15
  602.47,   598.23,   107.77
  605.63,   595.66,   232.11
  609.19,   592.65,   356.46
  725.41,   344.29,    98.56
  726.03,   341.90,   223.03
  728.19,   340.41,   347.66
  727.39,   469.61,   101.48
  729.01,   466.37,   226.05
  730.97,   465.37,   350.52
  729.17,   594.56,   103.71
  731.43,   591.90,   229.45
  734.25,   590.30,   354.15
  849.47,   341.93,    94.86
  851.98,   339.07,   220.24
  853.53,   337.12,   345.17
  853.27,   467.81,    99.14
  855.31,   462.86,   223.81
  856.10,   461.63,   348.71
  855.21,   592.46,   100.69
  856.42,   588.68,   226.59
  858.58,   587.05,   351.79
  599.47,   351.74,   226.35
  599.98,   350.44,   351.02
  599.81,   348.89,   475.67
  601.59,   477.15,   227.91
  602.50,   475.78,   352.09
  602.37,   473.46,   477.19
  604.55,   602.28,   229.78
  604.58,   600.55,   354.53
  604.50,   598.38,   479.65
  725.22,   348.62,   226.43
  724.08,   348.04,   350.77
  724.19,   347.43,   476.35
  727.86,   473.11,   228.50
  726.55,   473.67,   352.71
  726.94,   472.64,   477.45
  730.18,   598.37,   230.53
  729.47,   598.10,   355.20
  729.54,   596.36,   480.25
  850.77,   345.67,   227.04
  849.50,   345.17,   351.95
  848.88,   344.58,   477.91
  854.01,   469.67,   229.39
  851.93,   469.96,   354.15
  851.59,   470.25,   479.66
  855.10,   595.77,   231.09
  854.13,   595.14,   356.56
  854.14,   594.16,   481.29
  598.17,   352.19,   349.96
  597.74,   351.44,   474.85
  596.27,   349.10,   600.71
  595.73,   477.61,   350.10
  595.32,   476.18,   475.39
  593.36,   474.11,   601.59
  592.53,   602.53,   351.87
  591.93,   600.98,   477.07
  590.77,   599.53,   602.84
  722.13,   355.14,   350.22
  722.07,   355.13,   475.47
  722.79,   354.05,   602.08
  719.51,   480.66,   351.28
  719.61,   480.68,   476.02
  720.52,   478.76,   602.53
  717.39,   604.98,   352.95
  717.17,   604.33,   477.71
  716.89,   602.46,   603.26
  847.81,   357.49,   351.80
  846.81,   357.80,   477.60
  847.51,   357.57,   603.53
  845.05,   482.37,   353.36
  844.30,   483.30,   478.36
  846.01,   482.40,   603.95
  842.07,   607.58,   354.36
  841.72,   607.21,   479.27
  842.80,   605.93,   604.34
  599.18,   349.40,   476.04
  600.98,   344.95,   601.63
  602.87,   340.20,   728.06
  601.22,   474.24,   479.01
  603.09,   469.67,   604.95
  603.99,   464.86,   731.47
  603.36,   599.05,   483.54
  605.48,   594.94,   608.98
  607.24,   590.89,   734.25
  723.13,   348.47,   473.26
  727.29,   344.70,   599.46
  730.69,   340.70,   726.01
  725.64,   474.07,   476.33
  730.11,   469.53,   602.28
  733.96,   464.21,   729.40
  728.26,   597.61,   480.63
  731.73,   593.42,   606.20
  735.70,   587.84,   731.55
  847.96,   345.98,   471.73
  851.94,   343.06,   597.27
  856.10,   339.82,   722.74
  850.24,   471.45,   475.20
  855.20,   467.89,   600.31
  860.45,   463.09,   726.14
  852.79,   595.46,   478.71
  857.31,   591.50,   603.68
  862.03,   586.34,   728.55
  600.22,   348.70,   600.19
  596.74,   348.25,   726.74
  594.01,   349.40,   851.97
  599.65,   473.46,   599.01
  595.57,   473.29,   725.47
  592.70,   474.73,   850.92
  599.40,   598.84,   598.53
  596.54,   599.55,   723.90
  594.32,   600.60,   848.52
  726.39,   350.82,   602.85
  724.78,   351.09,   729.83
  721.45,   351.23,   854.42
  726.53,   475.58,   601.78
  725.50,   474.48,   728.57
  722.00,   474.63,   853.90
  726.10,   599.64,   601.03
  724.68,   598.75,   726.24
  721.07,   599.40,   851.14
  851.05,   351.40,   605.98
  850.35,   352.73,   731.67
  846.90,   352.69,   856.10
  852.05,   476.58,   604.75
  852.46,   475.77,   730.49
  848.51,   475.79,   855.59
  851.66,   600.06,   603.45
  851.17,   599.27,   728.34
  846.81,   599.42,   853.06
  597.98,   474.31,   100.82
  599.84,   473.68,   224.75
  603.38,   473.18,   348.81
  599.19,   599.90,   101.74
  601.31,   598.99,   226.16
  604.32,   597.95,   350.91
  600.79,   725.29,   102.81
  602.55,   723.34,   227.39
  604.78,   722.16,   353.09
  725.62,   472.55,    98.24
  726.42,   470.99,   222.80
  727.57,   471.92,   347.31
  725.57,   597.96,    98.50
  727.19,   596.48,   224.50
  729.07,   596.84,   349.16
  723.92,   721.97,    99.16
  726.29,   721.28,   225.11
  730.07,   720.56,   351.00
  851.31,   472.43,    96.34
  852.65,   469.06,   221.06
  852.97,   469.67,   346.06
  851.83,   596.86,    96.42
  852.11,   594.85,   222.35
  853.65,   595.07,   347.64
  848.93,   720.27,    96.74
  852.61,   721.42,   222.99
  855.37,   720.10,   348.99
  600.47,   475.12,   226.29
  604.97,   472.40,   350.15
  608.59,   468.68,   475.18
  599.90,   600.28,   229.75
  603.94,   596.97,   354.36
  607.47,   593.44,   479.50
  598.94,   724.54,   233.13
  602.09,   721.52,   358.80
  605.66,   718.16,   484.57
  727.08,   474.65,   223.17
  729.12,   473.42,   347.27
  733.23,   471.16,   472.09
  725.62,   599.86,   226.57
  728.75,   597.95,   351.67
  732.33,   594.80,   476.10
  722.66,   724.43,   229.98
  727.71,   721.84,   355.74
  731.21,   717.89,   481.23
  853.36,   474.69,   220.37
  854.67,   473.40,   345.46
  857.78,   472.04,   470.71
  850.60,   600.70,   223.53
  853.39,   598.82,   348.88
  857.01,   596.12,   473.71
  848.73,   727.23,   226.32
  853.17,   723.67,   352.55
  855.56,   719.50,   477.83
  600.60,   474.61,   347.97
  603.55,   475.11,   473.25
  605.33,   474.93,   598.98
  602.42,   599.23,   347.77
  605.23,   600.03,   472.91
  607.19,   600.00,   598.29
  603.83,   723.36,   347.76
  606.63,   724.69,   473.69
  609.75,   725.80,   598.86
  724.58,   472.44,   345.67
  727.79,   474.66,   470.58
  732.27,   474.87,   596.64
  727.39,   597.20,   345.37
  730.08,   598.56,   470.49
  733.68,   598.40,   595.59
  729.01,   720.79,   345.33
  732.06,   721.60,   470.95
  734.15,   721.97,   595.81
  849.99,   469.20,   344.17
  852.49,   472.43,   469.28
  857.48,   473.51,   594.71
  851.76,   594.47,   343.44
  854.57,   596.47,   468.57
  859.27,   597.12,   593.67
  854.71,   719.98,   342.33
  856.70,   719.64,   467.94
  859.18,   720.52,   592.13
  600.45,   475.88,   472.01
  601.81,   475.51,   598.28
  603.03,   475.55,   724.63
  597.30,   600.53,   472.31
  599.29,   601.05,   597.74
  601.14,   601.47,   723.29
  593.89,   725.86,   473.20
  596.83,   726.57,   598.40
  600.28,   727.64,   721.58
  724.59,   479.95,   469.55
  728.80,   480.02,   595.85
  732.95,   478.94,   722.69
  722.29,   603.96,   469.73
  725.66,   604.08,   595.03
  729.32,   603.46,   720.34
  719.27,   727.05,   470.58
  721.63,   727.13,   595.51
  723.63,   728.32,   718.40
  849.23,   482.68,   468.73
  853.99,   483.39,   593.85
  859.38,   482.79,   719.63
  846.90,   606.45,   468.14
  850.82,   606.95,   592.80
  855.39,   606.42,   717.50
  844.17,   729.92,   468.17
  846.29,   730.48,   592.07
  849.18,   731.58,   715.45
  598.11,   473.44,   600.12
  596.71,   469.55,   726.82
  596.17,   467.15,   852.33
  601.10,   598.93,   603.34
  600.33,   595.70,   728.56
  600.59,   593.19,   853.00
  604.61,   724.30,   607.39
  604.97,   721.77,   730.49
  605.39,   718.77,   853.41
  725.54,   472.55,   600.41
  726.34,   467.98,   727.24
  725.37,   464.56,   852.51
  727.54,   596.48,   603.25
  728.73,   592.36,   728.79
  727.35,   589.06,   853.77
  728.89,   719.82,   606.87
  728.81,   717.11,   729.81
  728.68,   714.66,   853.29
  850.62,   470.76,   601.10
  853.60,   466.53,   727.00
  852.25,   463.00,   852.21
  853.35,   594.38,   603.49
  855.23,   589.58,   728.47
  853.24,   586.69,   852.98
  853.90,   717.93,   605.75
  854.26,   715.02,   729.16
  852.40,   711.66,   854.02
  599.77,   599.86,   101.13
  596.17,   598.19,   225.49
  593.03,   595.93,   349.94
  601.81,   725.23,   102.94
  597.70,   722.60,   227.79
  594.23,   720.17,   353.31
  603.53,   851.66,   105.59
  599.28,   848.05,   229.13
  594.96,   845.89,   355.97
  726.03,   597.33,   103.37
  721.96,   595.24,   229.38
  717.84,   593.91,   354.16
  725.06,   721.39,   105.33
  721.74,   719.64,   231.31
  719.53,   717.88,   357.25
  726.92,   850.40,   108.86
  723.64,   845.49,   232.72
  720.69,   843.28,   359.77
  851.91,   595.41,   107.25
  846.83,   592.70,   233.15
  842.41,   591.76,   358.49
  850.10,   719.42,   108.41
  847.61,   719.21,   234.73
  845.09,   716.66,   360.81
  854.08,   850.22,   111.10
  853.28,   845.96,   235.72
  848.65,   842.37,   364.15
  597.56,   601.95,   223.51
  597.21,   599.39,   348.25
  596.26,   595.95,   473.23
  598.06,   726.42,   226.31
  596.33,   723.71,   352.18
  595.40,   721.06,   478.01
  597.98,   851.94,   228.64
  595.67,   849.27,   354.96
  594.60,   846.47,   482.66
  723.56,   600.52,   224.86
  722.07,   599.16,   349.66
  721.24,   596.28,   474.50
  721.86,   725.05,   227.61
  721.94,   722.70,   353.24
  721.13,   719.37,   478.96
  722.24,   851.41,   229.56
  721.74,   848.27,   356.56
  720.93,   846.02,   484.20
  848.51,   600.14,   226.62
  846.54,   598.76,   351.71
  845.74,   596.62,   476.71
  847.80,   726.60,   228.44
  847.47,   723.70,   354.67
  845.45,   719.73,   480.09
  852.07,   853.42,   229.98
  849.71,   849.11,   358.57
  846.30,   845.91,   485.25
  602.13,   599.40,   350.02
  599.59,   600.37,   475.25
  596.26,   601.27,   600.70
  600.51,   723.51,   349.58
  598.10,   725.39,   475.53
  595.95,   727.17,   600.61
  598.99,   849.36,   347.80
  596.16,   850.91,   475.74
  595.14,   852.78,   600.58
  726.91,   599.96,   353.45
  724.80,   601.66,   478.11
  722.55,   602.59,   603.52
  726.34,   723.59,   352.54
  723.53,   724.90,   478.11
  720.38,   726.02,   602.91
  725.16,   849.50,   351.06
  722.79,   851.82,   478.73
  720.54,   852.36,   603.64
  851.70,   600.63,   356.90
  849.34,   602.76,   481.73
  848.48,   603.77,   606.44
  851.66,   725.42,   355.44
  848.01,   725.98,   480.91
  845.13,   727.39,   604.72
  853.12,   851.16,   354.42
  848.57,   852.49,   481.72
  844.71,   853.34,   605.63
  600.89,   598.68,   472.59
  598.04,   599.32,   598.19
  594.95,   600.51,   723.26
  602.68,   723.76,   472.77
  600.76,   725.18,   597.86
  599.68,   726.54,   721.40
  604.26,   849.17,   473.37
  603.58,   850.62,   598.30
  602.91,   851.95,   719.47
  725.91,   596.61,   474.78
  724.19,   597.06,   599.98
  723.09,   596.86,   725.66
  728.41,   719.70,   475.16
  725.33,   720.35,   600.05
  723.06,   722.06,   722.80
  731.08,   846.13,   475.98
  728.66,   846.61,   600.81
  726.02,   847.07,   721.98
  850.21,   594.21,   477.71
  849.93,   595.09,   602.73
  849.68,   594.66,   727.47
  852.51,   717.59,   477.24
  850.48,   718.41,   601.11
  848.51,   719.81,   724.49
  856.10,   843.90,   477.79
  852.91,   844.41,   601.98
  849.13,   845.02,   724.98
  602.02,   599.21,   599.37
  599.45,   601.97,   724.99
  597.87,   604.88,   849.01
  600.40,   724.82,   597.87
  599.41,   727.90,   720.87
  598.14,   730.55,   844.07
  598.39,   850.63,   596.59
  598.55,   853.69,   717.43
  595.18,   855.23,   840.76
  728.41,   601.29,   600.99
  727.29,   603.17,   726.59
  724.49,   605.94,   850.99
  725.00,   724.94,   599.28
  722.64,   728.20,   722.04
  721.01,   731.48,   845.33
  723.93,   851.15,   598.70
  721.54,   853.23,   719.72
  718.69,   856.07,   842.99
  853.80,   603.92,   603.24
  853.94,   605.17,   727.71
  849.83,   607.99,   852.32
  849.87,   727.71,   599.92
  848.05,   730.65,   723.18
  844.73,   732.95,   847.82
  848.03,   853.30,   599.25
  845.06,   855.25,   722.12
  841.58,   858.04,   846.88
