27, 125, pa2-debug-e-output1.txt
  206.25,   192.82,   190.44
  405.30,   390.15,   201.36
  101.22,    98.37,    99.34
  104.92,   101.69,   224.76
  107.73,   104.46,   348.93
   98.42,   223.35,    97.34
  101.87,   226.32,   222.25
  104.96,   229.15,   345.88
   96.61,   349.66,    94.46
   99.59,   352.28,   218.63
  101.33,   353.81,   343.43
  226.67,   101.24,    96.32
  230.72,   104.27,   221.72
  232.53,   107.39,   345.81
  223.76,   226.48,    94.21
  227.46,   229.53,   218.92
  229.79,   232.16,   342.77
  221.51,   352.69,    91.23
  223.95,   355.25,   215.04
  225.92,   356.62,   339.79
  352.35,   105.52,    92.84
  356.06,   107.33,   217.93
  357.71,   110.17,   342.59
  348.91,   230.72,    90.11
  352.95,   232.42,   215.57
  354.73,   235.36,   340.45
  345.67,   356.09,    87.86
  348.95,   358.17,   213.01
  350.97,   359.62,   337.84
   98.88,    98.69,   226.31
   97.95,    97.49,   350.65
   97.10,    95.73,   475.12
   97.89,   223.31,   227.65
   97.26,   222.32,   351.38
   96.54,   220.75,   476.01
   97.60,   349.22,   227.83
   95.71,   346.95,   352.78
   94.83,   344.99,   478.14
  224.68,    99.24,   227.12
  222.64,    98.44,   351.32
  221.44,    96.80,   475.73
  223.53,   224.47,   228.13
  222.14,   223.32,   351.98
  221.04,   222.17,   476.38
  222.05,   350.14,   227.99
  220.36,   347.68,   352.84
  219.56,   345.64,   478.53
  350.06,   100.25,   227.17
  347.85,    99.11,   351.84
  346.51,    98.19,   476.44
  349.07,   225.31,   228.64
  347.04,   224.55,   353.48
  345.23,   223.60,   478.07
  347.14,   350.98,   229.79
  345.38,   348.68,   354.64
  344.20,   346.84,   479.40
   99.81,   101.37,   349.56
  102.92,   102.64,   473.93
  106.65,   104.45,   599.01
  100.14,   226.17,   347.27
  103.34,   227.63,   471.77
  106.51,   229.25,   598.22
   99.64,   350.85,   345.54
  102.57,   351.82,   470.92
  106.30,   353.81,   596.89
  224.53,   101.23,   346.29
  227.25,   102.74,   470.61
  231.98,   104.95,   594.37
  225.02,   226.07,   343.97
  227.79,   227.97,   468.32
  231.39,   229.37,   593.55
  224.29,   350.55,   341.72
  227.34,   351.44,   467.34
  231.68,   353.42,   593.37
  349.74,   100.80,   342.86
  352.25,   103.01,   467.44
  356.48,   105.10,   591.94
  349.99,   226.18,   341.47
  352.02,   228.30,   466.08
  355.40,   229.63,   590.63
  349.36,   350.48,   339.61
  352.02,   351.57,   464.31
  355.77,   353.38,   589.02
   97.73,    98.40,   473.49
  100.56,    98.14,   598.65
  103.18,    97.28,   724.77
   97.60,   223.41,   473.42
   99.95,   222.97,   599.95
  102.12,   222.16,   727.08
   96.33,   347.66,   474.60
   99.19,   347.57,   600.52
  102.57,   348.02,   726.83
  222.03,    99.04,   470.98
  226.00,    99.20,   594.79
  229.62,    99.26,   720.52
  222.09,   224.37,   470.68
  224.90,   223.73,   595.92
  228.60,   223.16,   721.32
  221.05,   347.86,   471.82
  224.57,   347.81,   597.93
  228.80,   348.37,   723.73
  347.06,    99.95,   468.58
  350.60,   100.01,   593.06
  354.86,    99.60,   718.80
  346.29,   225.34,   469.25
  348.92,   224.61,   593.83
  353.00,   223.51,   718.94
  345.71,   348.60,   469.60
  348.70,   348.39,   594.42
  352.42,   348.78,   719.45
   98.06,   100.66,   600.17
   96.71,   100.50,   726.53
   94.99,    99.90,   851.90
   97.52,   225.47,   600.61
   95.83,   225.46,   727.88
   93.97,   225.29,   852.00
   96.85,   350.09,   600.28
   96.33,   351.34,   726.52
   95.92,   351.64,   851.32
  223.56,   101.66,   599.97
  223.17,   102.40,   725.84
  220.71,   101.00,   854.46
  222.51,   226.10,   600.43
  222.37,   226.35,   725.93
  220.89,   226.98,   851.58
  222.30,   350.24,   601.63
  222.73,   351.65,   727.49
  222.07,   352.62,   851.14
  348.21,   102.37,   602.12
  348.59,   102.67,   727.95
  347.63,   101.96,   854.61
  346.59,   226.86,   602.07
  346.91,   226.59,   727.24
  346.81,   226.49,   853.93
  346.48,   350.73,   601.89
  346.42,   351.98,   727.03
  345.47,   353.19,   852.52
  101.52,   223.76,   100.16
   98.55,   220.79,   225.03
   95.32,   217.74,   348.68
  100.61,   350.15,   102.99
   97.01,   346.65,   227.25
   92.54,   342.31,   352.16
   98.86,   475.59,   106.29
   94.88,   471.90,   230.46
   89.78,   466.97,   355.62
  227.03,   226.14,   103.52
  224.15,   223.15,   228.16
  220.15,   219.92,   351.91
  225.41,   352.41,   106.13
  221.38,   348.76,   230.05
  217.10,   344.20,   354.82
  223.02,   477.92,   109.12
  218.28,   473.96,   232.90
  214.10,   469.17,   358.41
  352.38,   229.26,   105.97
  349.62,   225.19,   231.33
  344.95,   222.34,   356.06
  349.81,   354.89,   109.48
  346.39,   350.77,   234.52
  342.01,   346.38,   359.26
  346.96,   479.89,   113.55
  343.26,   475.86,   238.17
  339.55,   471.09,   362.42
  101.94,   226.33,   227.20
  103.97,   227.54,   350.89
  105.87,   228.21,   475.48
  101.74,   352.29,   225.11
  102.46,   352.19,   350.00
  104.15,   352.38,   475.49
  100.90,   477.57,   224.03
  101.05,   477.02,   349.23
  102.53,   477.33,   474.97
  227.57,   227.39,   225.02
  228.83,   228.45,   348.89
  230.34,   229.52,   473.33
  226.18,   353.11,   222.70
  227.13,   352.87,   347.54
  228.97,   352.99,   473.21
  224.47,   478.41,   221.34
  225.55,   477.98,   346.80
  228.07,   478.04,   473.15
  353.12,   228.15,   222.82
  353.78,   229.56,   347.71
  354.57,   230.82,   472.35
  351.28,   353.89,   221.81
  352.22,   353.78,   346.67
  353.66,   354.09,   471.38
  349.51,   479.07,   221.34
  351.12,   478.66,   345.60
  353.28,   478.65,   470.18
  101.51,   226.16,   347.45
   99.42,   227.08,   472.05
   97.31,   228.16,   598.62
  104.43,   350.78,   346.24
  102.10,   351.24,   471.74
  100.55,   352.71,   597.69
  107.37,   475.60,   345.18
  104.85,   476.10,   471.03
  103.86,   477.93,   596.69
  226.34,   222.72,   349.47
  223.87,   224.06,   473.83
  222.25,   224.90,   599.12
  229.07,   347.07,   347.90
  226.87,   347.48,   473.51
  225.94,   348.96,   599.62
  231.90,   472.10,   346.92
  230.36,   472.41,   473.22
  230.12,   474.18,   599.30
  351.21,   219.49,   352.31
  348.02,   221.06,   476.88
  346.29,   221.77,   601.44
  354.08,   343.63,   351.09
  351.47,   344.27,   475.78
  350.03,   345.56,   600.58
  357.40,   468.36,   349.81
  355.50,   468.64,   474.36
  354.25,   470.11,   599.49
   99.79,   224.74,   475.00
   96.03,   225.19,   601.61
   92.04,   225.27,   728.90
   96.15,   348.96,   475.22
   92.93,   349.80,   601.01
   90.01,   351.11,   727.15
   92.52,   473.85,   474.80
   89.70,   475.05,   600.17
   87.49,   476.94,   725.51
  224.20,   228.06,   478.41
  220.96,   228.27,   603.73
  218.51,   228.64,   729.24
  220.83,   351.51,   478.63
  218.32,   352.44,   604.78
  216.45,   353.97,   730.62
  217.90,   476.54,   478.92
  216.08,   477.77,   604.98
  213.92,   479.72,   730.30
  348.28,   231.38,   483.07
  344.99,   231.46,   607.61
  343.05,   231.34,   732.75
  345.44,   354.60,   482.41
  342.48,   355.37,   607.29
  340.13,   356.80,   732.47
  343.09,   479.16,   481.58
  340.30,   480.09,   606.88
  337.16,   482.15,   732.40
   98.88,   224.88,   600.46
   96.89,   224.88,   727.73
   94.71,   224.73,   851.87
  101.07,   349.45,   600.23
  100.31,   350.75,   726.47
   99.61,   351.08,   851.14
  103.34,   474.71,   599.89
  103.40,   476.62,   725.24
  102.96,   477.09,   850.11
  223.86,   222.67,   600.56
  223.40,   222.93,   726.04
  221.56,   223.53,   851.82
  226.50,   346.75,   601.78
  226.60,   348.14,   727.61
  225.63,   349.17,   851.30
  229.64,   472.01,   602.15
  229.40,   473.91,   727.58
  227.02,   473.90,   851.85
  347.93,   220.58,   602.57
  347.95,   220.28,   727.75
  347.53,   220.12,   854.51
  350.61,   344.40,   602.39
  350.25,   345.59,   727.50
  349.07,   346.79,   853.07
  353.77,   468.99,   601.99
  352.66,   470.97,   727.46
  349.92,   472.39,   852.81
  100.20,   349.30,    98.95
   96.32,   349.08,   223.23
   91.41,   347.91,   348.19
  103.10,   474.75,    99.20
   98.81,   474.39,   223.26
   93.32,   472.66,   348.49
  104.51,   598.54,   100.41
  100.08,   598.17,   224.76
   95.79,   597.20,   349.09
  225.02,   346.95,   102.46
  220.67,   346.58,   226.38
  215.97,   345.24,   351.13
  227.38,   472.53,   102.45
  222.26,   471.88,   226.17
  217.64,   470.28,   351.63
  228.65,   596.20,   103.49
  223.65,   596.11,   227.69
  219.94,   595.67,   352.80
  349.44,   344.89,   106.01
  345.70,   344.01,   231.13
  340.90,   342.85,   355.91
  351.26,   469.95,   107.00
  347.22,   469.19,   231.78
  343.08,   467.60,   356.05
  353.18,   594.20,   108.19
  349.42,   593.86,   232.81
  345.77,   593.28,   356.27
  101.25,   352.12,   222.51
   97.94,   348.22,   347.44
   95.66,   344.65,   472.78
  100.48,   477.35,   225.21
   96.63,   472.96,   350.44
   94.09,   469.50,   475.97
   98.61,   601.09,   229.39
   95.96,   597.47,   353.67
   93.92,   594.25,   478.68
  225.65,   352.78,   224.15
  222.57,   348.72,   348.94
  220.37,   345.06,   474.55
  224.00,   478.00,   226.58
  221.07,   473.75,   352.04
  219.53,   469.99,   478.41
  222.20,   602.17,   230.74
  220.20,   599.13,   355.82
  219.12,   596.05,   481.56
  350.72,   353.38,   227.34
  347.60,   349.47,   352.14
  345.01,   346.03,   476.85
  349.05,   478.49,   230.63
  346.60,   474.24,   354.84
  344.75,   470.47,   479.54
  348.09,   603.10,   234.19
  346.09,   599.92,   357.62
  344.27,   596.42,   482.18
   98.46,   350.17,   350.15
   99.46,   352.18,   475.55
  101.22,   355.21,   601.49
   94.78,   474.92,   347.59
   95.50,   477.06,   473.12
   97.73,   480.43,   598.71
   91.74,   599.37,   345.24
   93.01,   601.73,   470.19
   94.99,   605.14,   595.97
  223.06,   353.16,   348.21
  224.21,   355.06,   473.92
  226.68,   358.13,   600.04
  219.13,   478.23,   345.68
  220.92,   480.11,   472.08
  224.04,   483.39,   598.16
  215.75,   603.50,   343.92
  218.01,   606.16,   469.58
  220.43,   608.53,   595.31
  348.09,   356.38,   347.97
  348.89,   358.46,   472.68
  350.80,   361.34,   597.49
  344.65,   481.24,   345.11
  346.16,   483.05,   469.75
  348.24,   485.97,   594.95
  341.65,   606.86,   342.44
  343.18,   609.13,   466.79
  344.81,   611.35,   592.60
   97.99,   349.61,   474.99
   99.98,   353.59,   600.89
  102.56,   358.19,   727.04
   99.90,   474.42,   471.57
  102.45,   478.77,   597.21
  105.84,   483.92,   722.58
  103.26,   599.27,   467.76
  105.68,   603.53,   593.49
  108.09,   608.16,   719.10
  222.73,   346.57,   473.18
  225.39,   350.56,   599.28
  228.76,   355.25,   725.07
  225.35,   471.47,   470.28
  228.71,   475.73,   596.32
  231.73,   480.85,   721.66
  228.37,   597.52,   466.71
  231.06,   600.91,   592.46
  233.21,   604.27,   717.51
  347.36,   344.09,   471.93
  349.48,   347.89,   596.69
  352.33,   352.35,   721.71
  350.54,   468.47,   467.92
  352.87,   472.39,   592.98
  355.02,   477.54,   718.37
  353.58,   594.36,   463.83
  355.48,   597.67,   589.50
  357.12,   601.61,   715.94
   97.66,   348.40,   600.73
  101.33,   351.32,   726.98
  105.18,   353.34,   851.49
   95.15,   473.63,   598.57
   99.61,   477.14,   724.03
  103.70,   479.27,   848.96
   93.36,   598.42,   596.46
   96.95,   601.72,   722.37
   99.70,   603.69,   846.82
  223.03,   350.28,   597.87
  227.56,   353.34,   723.67
  231.02,   356.02,   847.45
  221.43,   475.53,   596.67
  225.69,   479.05,   722.00
  227.72,   480.74,   846.35
  218.91,   600.75,   594.52
  222.31,   602.55,   719.48
  224.17,   604.06,   843.59
  347.15,   352.49,   594.02
  351.14,   355.39,   719.04
  354.32,   358.33,   844.49
  345.65,   477.11,   592.08
  348.97,   480.63,   717.48
  350.68,   483.77,   842.82
  343.29,   602.48,   590.32
  346.11,   604.70,   716.69
  348.09,   607.13,   842.14
  102.12,   475.72,    99.15
   98.86,   477.16,   223.23
   94.39,   477.23,   348.45
  104.04,   599.49,    98.56
  100.61,   600.90,   222.95
   97.36,   601.77,   347.28
  105.19,   723.81,    97.82
  102.00,   724.63,   223.39
  100.62,   726.79,   346.18
  226.44,   473.04,   101.41
  222.32,   474.20,   225.14
  218.74,   474.42,   350.62
  228.24,   596.67,   100.66
  224.22,   598.39,   224.88
  221.55,   599.79,   349.99
  229.83,   720.25,    99.71
  226.49,   721.97,   225.17
  224.82,   725.28,   349.52
  350.32,   470.00,   104.94
  347.31,   471.07,   229.76
  344.21,   471.29,   354.04
  352.75,   594.22,   104.28
  350.01,   595.70,   229.02
  347.41,   596.95,   352.48
  355.59,   717.98,   103.12
  353.24,   719.92,   227.88
  350.61,   722.76,   351.02
  102.00,   476.70,   223.03
   98.86,   471.67,   348.24
   97.01,   467.52,   473.85
  104.53,   600.36,   227.80
  102.60,   596.16,   352.24
  101.34,   592.32,   477.40
  106.83,   724.04,   233.26
  106.84,   721.15,   356.28
  107.03,   717.29,   481.17
  225.56,   472.84,   223.61
  223.30,   467.91,   349.01
  222.41,   463.45,   475.33
  228.28,   596.96,   228.43
  226.95,   593.21,   353.46
  226.55,   589.44,   479.19
  231.51,   720.63,   233.77
  231.10,   718.74,   358.01
  230.40,   715.54,   482.32
  350.56,   468.80,   226.80
  348.76,   463.88,   351.06
  347.55,   459.43,   475.70
  354.11,   593.35,   231.12
  352.81,   589.39,   354.52
  351.67,   585.17,   478.98
  358.21,   717.60,   234.98
  356.86,   715.20,   358.02
  355.46,   711.81,   482.24
   99.73,   475.25,   351.21
   96.48,   475.09,   476.83
   94.64,   476.16,   602.32
  102.23,   599.85,   351.27
   99.61,   599.92,   476.40
   97.58,   600.98,   602.09
  105.11,   724.92,   351.37
  104.05,   725.01,   476.20
  101.28,   725.31,   602.32
  224.20,   472.85,   353.59
  221.96,   472.43,   479.97
  221.03,   473.52,   606.04
  226.57,   598.28,   354.08
  224.74,   598.53,   479.80
  223.12,   598.61,   605.60
  229.39,   723.86,   354.71
  227.25,   724.71,   478.99
  224.69,   723.73,   603.75
  349.70,   470.16,   357.10
  347.12,   469.72,   481.78
  345.19,   470.51,   607.01
  352.45,   595.85,   356.63
  349.86,   595.66,   481.13
  347.45,   595.71,   607.04
  355.17,   721.73,   356.26
  352.32,   722.45,   480.48
  349.51,   721.70,   606.84
   99.34,   474.40,   473.73
  102.86,   472.39,   599.41
  107.22,   471.17,   724.83
   98.12,   599.21,   476.28
  101.40,   597.27,   602.06
  104.87,   595.68,   727.69
   98.40,   724.13,   479.08
  100.69,   721.57,   605.27
  101.33,   719.43,   731.15
  224.79,   476.20,   471.49
  229.10,   474.08,   597.50
  233.08,   472.85,   722.85
  223.23,   602.29,   474.41
  226.89,   599.28,   600.16
  230.05,   596.43,   725.16
  221.43,   728.41,   476.72
  224.15,   724.42,   601.40
  226.43,   719.38,   726.84
  350.01,   477.93,   468.09
  353.26,   475.47,   593.18
  356.34,   474.26,   718.53
  348.38,   603.95,   470.48
  351.24,   600.81,   596.25
  353.83,   598.42,   722.62
  346.48,   730.73,   472.93
  348.98,   726.93,   599.08
  351.49,   722.17,   726.65
  100.30,   473.82,   601.31
  104.74,   473.34,   726.75
  108.63,   471.28,   851.56
   97.13,   598.64,   603.22
  100.64,   597.87,   728.98
  103.28,   595.69,   853.25
   94.87,   722.90,   605.96
   95.46,   721.71,   732.02
   96.69,   719.26,   856.21
  226.54,   477.21,   599.43
  230.61,   476.71,   724.76
  232.50,   474.42,   849.07
  222.60,   602.35,   601.34
  225.85,   600.19,   726.31
  227.50,   597.74,   850.42
  218.18,   727.43,   601.83
  220.49,   723.14,   727.21
  222.48,   720.17,   852.72
  350.67,   480.27,   595.02
  353.82,   479.80,   720.41
  355.44,   478.94,   845.74
  346.90,   605.60,   597.40
  349.58,   603.85,   723.79
  351.39,   602.38,   849.08
  342.93,   731.69,   599.42
  345.54,   727.53,   726.93
  348.64,   724.66,   852.73
   98.90,   600.89,    99.55
  101.28,   601.43,   223.80
  103.79,   601.51,   348.16
   98.90,   725.36,    99.64
  101.53,   725.20,   225.00
  105.92,   726.57,   347.89
   99.50,   852.54,    97.97
  102.79,   851.74,   224.52
  108.03,   852.94,   346.98
  223.20,   599.11,    95.69
  224.95,   600.05,   219.91
  228.13,   600.62,   344.95
  223.56,   722.86,    95.37
  225.99,   723.59,   220.94
  230.20,   726.10,   345.26
  225.36,   848.93,    93.43
  228.31,   848.65,   219.47
  232.43,   851.66,   344.73
  347.66,   597.82,    93.22
  350.74,   598.51,   218.26
  354.05,   598.93,   341.69
  349.23,   721.70,    92.77
  352.76,   722.63,   217.85
  356.06,   724.64,   340.96
  350.89,   845.25,    91.67
  354.40,   846.52,   216.36
  357.68,   849.92,   340.75
   98.74,   601.69,   225.73
  101.16,   602.77,   350.02
  104.45,   604.26,   475.22
   97.86,   725.52,   225.90
  102.16,   727.83,   348.67
  106.92,   729.41,   473.52
   97.93,   852.13,   224.44
  103.03,   854.23,   346.73
  107.67,   856.14,   470.64
  222.33,   601.45,   221.85
  225.46,   603.07,   346.92
  229.53,   604.71,   472.50
  222.19,   724.99,   221.91
  226.36,   728.55,   346.23
  230.16,   730.96,   470.39
  223.32,   850.13,   219.42
  227.42,   854.10,   344.67
  230.74,   857.22,   469.03
  348.15,   601.06,   220.25
  351.38,   602.55,   343.68
  354.69,   603.75,   467.93
  348.97,   725.17,   218.86
  352.20,   728.27,   342.01
  355.30,   730.55,   465.92
  349.44,   849.06,   216.33
  352.63,   853.52,   340.83
  355.78,   856.71,   465.34
   99.86,   600.70,   347.68
   97.56,   600.97,   472.75
   95.85,   602.25,   598.44
   97.99,   725.66,   347.34
   97.40,   725.94,   472.15
   94.99,   726.57,   598.51
   95.94,   852.06,   346.38
   95.54,   852.60,   470.21
   92.36,   851.92,   597.15
  224.14,   603.95,   350.14
  222.66,   604.47,   475.80
  221.36,   604.73,   601.58
  222.14,   729.45,   350.51
  220.42,   730.62,   474.75
  218.21,   729.91,   599.40
  220.33,   855.05,   350.02
  218.09,   856.87,   474.34
  215.24,   855.65,   598.79
  350.05,   606.39,   352.31
  347.81,   606.51,   476.76
  345.72,   606.69,   602.70
  347.93,   732.22,   351.72
  345.47,   733.34,   475.85
  343.01,   732.79,   602.04
  345.43,   857.55,   351.74
  343.03,   859.47,   476.38
  340.76,   858.59,   601.78
   97.57,   600.14,   475.98
   98.20,   602.88,   601.75
   98.81,   606.06,   727.57
  100.55,   725.18,   474.05
  100.39,   727.21,   600.26
   98.22,   729.81,   726.37
  101.77,   851.91,   470.84
  100.76,   852.65,   597.51
   98.20,   853.78,   724.16
  222.71,   600.33,   476.77
  223.72,   602.06,   602.55
  224.17,   603.80,   727.52
  223.70,   726.51,   474.31
  223.78,   727.28,   598.99
  223.34,   726.88,   724.39
  224.61,   852.83,   472.52
  224.11,   853.11,   596.96
  223.31,   851.48,   722.01
  347.89,   599.06,   475.47
  348.12,   600.72,   601.34
  348.02,   602.99,   727.77
  348.82,   725.87,   473.12
  348.66,   726.85,   599.34
  348.51,   726.74,   726.91
  349.68,   852.12,   472.11
  349.69,   852.79,   597.67
  350.02,   851.47,   724.27
   98.30,   599.62,   598.69
   96.93,   597.49,   724.42
   94.89,   594.20,   848.91
  100.83,   723.95,   602.64
   96.75,   721.27,   728.76
   93.19,   717.64,   853.23
  101.47,   849.24,   605.48
   96.84,   845.16,   732.06
   94.02,   841.90,   856.32
  223.86,   598.41,   601.55
  222.38,   594.92,   726.50
  219.28,   591.03,   850.55
  224.27,   723.50,   603.43
  221.85,   717.80,   728.83
  219.03,   713.54,   854.11
  224.90,   849.15,   606.69
  221.99,   842.08,   731.76
  219.03,   836.92,   858.53
  348.24,   596.64,   602.32
  346.13,   593.64,   728.60
  343.01,   590.74,   853.69
  349.11,   722.62,   605.85
  346.89,   717.20,   733.30
  345.11,   713.15,   858.67
  350.52,   848.42,   609.57
  348.72,   841.59,   736.32
  347.30,   836.36,   862.72
  225.66,    98.48,    99.03
  226.52,    95.85,   224.35
  225.08,    93.16,   348.56
  224.36,   223.76,   102.62
  224.83,   221.03,   227.32
  224.11,   218.06,   351.13
  223.53,   350.05,   105.07
  222.82,   346.66,   229.05
  221.82,   342.35,   353.85
  351.48,   101.21,    98.78
  351.87,    97.43,   223.77
  350.32,    94.30,   348.39
  349.73,   226.28,   101.73
  350.38,   222.40,   227.15
  349.03,   219.80,   351.96
  347.97,   351.89,   105.05
  347.92,   348.04,   230.18
  346.83,   343.91,   355.01
  476.23,   103.05,    98.63
  476.15,    99.08,   223.49
  475.63,    95.96,   348.06
  474.82,   228.55,   101.22
  475.52,   224.59,   226.63
  474.25,   221.40,   352.13
  472.43,   353.35,   105.06
  473.19,   349.50,   230.66
  472.35,   345.60,   355.56
  227.62,   101.62,   227.91
  226.89,   105.15,   352.06
  227.01,   107.97,   476.31
  228.53,   226.83,   224.62
  228.35,   229.95,   348.47
  228.44,   233.04,   472.90
  229.11,   352.53,   220.25
  228.61,   354.36,   345.04
  229.01,   356.50,   470.71
  352.98,   100.59,   226.70
  352.08,   103.80,   351.39
  351.97,   107.33,   475.96
  354.09,   225.63,   223.88
  353.31,   229.12,   348.74
  352.68,   232.41,   473.35
  354.23,   351.34,   220.80
  353.72,   353.31,   345.65
  353.74,   355.65,   470.32
  477.27,    99.69,   225.80
  477.36,   102.84,   350.43
  477.73,   106.09,   475.54
  479.22,   225.25,   222.73
  478.56,   228.15,   348.29
  478.05,   231.29,   473.18
  479.48,   350.19,   220.60
  479.30,   352.43,   345.55
  479.11,   354.93,   469.83
  223.05,    99.00,   352.10
  225.36,   101.60,   476.40
  229.64,   104.97,   600.13
  224.60,   223.84,   348.63
  226.89,   226.84,   472.99
  230.01,   229.32,   598.24
  224.89,   348.25,   345.29
  227.44,   350.28,   470.90
  231.30,   353.40,   596.95
  348.25,    97.54,   349.19
  350.35,   100.86,   473.76
  354.17,   104.09,   598.26
  349.55,   222.96,   346.69
  351.10,   226.17,   471.28
  354.03,   228.57,   595.82
  349.96,   347.18,   343.71
  352.11,   349.41,   468.39
  355.38,   352.34,   593.11
  473.52,    96.52,   346.05
  476.13,    99.60,   471.06
  479.22,   102.58,   596.48
  474.79,   221.95,   344.04
  476.44,   224.98,   468.94
  479.16,   227.58,   593.53
  475.50,   346.26,   341.46
  477.45,   348.63,   465.76
  480.24,   351.45,   589.67
  222.81,   101.75,   472.82
  224.77,   103.76,   596.62
  226.27,   105.59,   722.36
  225.89,   226.99,   470.72
  226.72,   228.18,   596.01
  228.47,   229.46,   721.48
  227.96,   350.44,   469.96
  229.51,   352.24,   596.06
  231.77,   354.73,   721.90
  347.80,    99.50,   472.47
  349.38,   101.44,   596.97
  351.61,   102.83,   722.75
  350.10,   224.87,   471.30
  350.76,   225.96,   595.88
  352.87,   226.73,   721.01
  352.63,   348.11,   469.76
  353.62,   349.73,   594.54
  355.35,   352.00,   719.59
  473.61,    96.77,   472.01
  474.46,    98.46,   597.44
  475.61,    99.98,   723.05
  475.44,   222.23,   471.27
  475.88,   223.50,   595.95
  477.33,   224.18,   721.18
  477.97,   345.87,   469.42
  478.48,   347.39,   593.40
  479.93,   349.24,   717.91
  224.55,   101.14,   598.83
  228.88,   101.95,   724.64
  231.22,   100.66,   853.17
  226.29,   225.59,   599.16
  230.84,   225.85,   724.54
  234.21,   226.46,   850.29
  228.87,   349.68,   600.24
  233.92,   351.09,   725.97
  237.84,   352.16,   849.75
  349.12,    99.01,   596.33
  354.17,    99.42,   722.11
  357.96,    98.82,   848.61
  350.27,   223.58,   596.22
  355.18,   223.30,   721.34
  359.84,   223.10,   847.99
  352.90,   347.36,   595.88
  357.42,   348.56,   720.86
  361.23,   349.79,   846.43
  474.14,    96.23,   593.92
  478.07,    96.78,   719.49
  481.64,    96.26,   844.89
  475.33,   221.32,   593.49
  479.57,   220.97,   718.71
  483.97,   220.94,   844.30
  477.71,   345.22,   591.93
  481.96,   346.00,   716.40
  486.03,   346.86,   842.33
  224.37,   225.79,   101.11
  221.29,   223.32,   225.77
  217.05,   220.55,   349.51
  226.35,   352.10,   103.36
  222.10,   348.96,   227.28
  217.55,   344.90,   352.02
  227.53,   477.62,   106.01
  222.55,   474.19,   229.76
  218.11,   469.89,   355.22
  349.74,   225.38,   103.72
  346.78,   221.78,   229.09
  341.88,   219.44,   353.81
  350.76,   351.03,   106.82
  347.14,   347.42,   231.89
  342.50,   343.54,   356.65
  351.46,   476.05,   110.52
  347.56,   472.54,   235.21
  343.58,   468.25,   359.44
  474.88,   224.73,   106.67
  471.88,   221.04,   232.09
  467.01,   218.18,   357.52
  475.28,   349.58,   110.31
  472.38,   345.98,   235.84
  467.93,   342.35,   360.70
  475.97,   474.33,   114.57
  473.05,   470.84,   239.81
  469.21,   466.92,   363.37
  227.45,   225.85,   226.61
  230.21,   229.90,   350.38
  233.22,   233.91,   474.77
  225.17,   351.52,   221.35
  227.61,   354.26,   346.09
  230.95,   357.32,   471.70
  222.59,   476.79,   217.02
  225.12,   479.35,   342.37
  229.12,   482.38,   468.62
  352.96,   227.44,   222.85
  355.13,   231.83,   347.65
  357.42,   236.02,   472.22
  350.22,   353.13,   218.87
  352.67,   356.00,   343.67
  355.63,   359.24,   468.28
  347.53,   478.29,   215.47
  350.65,   480.87,   339.67
  354.32,   483.82,   464.12
  478.06,   229.85,   218.68
  480.37,   233.63,   344.16
  482.79,   237.63,   468.98
  475.39,   354.76,   215.72
  478.21,   357.90,   340.58
  480.99,   361.28,   464.76
  472.92,   479.66,   213.07
  476.32,   482.65,   336.67
  479.59,   485.64,   460.17
  223.20,   225.64,   348.83
  219.09,   225.58,   473.16
  215.80,   225.06,   598.47
  224.28,   350.04,   348.63
  220.44,   349.06,   474.26
  217.86,   349.18,   600.40
  225.47,   475.12,   349.08
  222.28,   474.07,   475.42
  220.42,   474.49,   601.50
  348.03,   224.02,   353.31
  343.21,   224.17,   477.84
  339.85,   223.51,   602.37
  349.26,   348.16,   353.45
  345.05,   347.41,   478.13
  342.02,   347.37,   602.99
  350.97,   472.96,   353.53
  347.46,   471.89,   478.16
  344.62,   472.04,   603.38
  473.16,   222.23,   357.13
  468.41,   222.26,   481.98
  464.79,   221.75,   606.62
  474.72,   346.46,   357.60
  470.25,   345.86,   481.86
  466.69,   345.71,   605.84
  476.59,   471.13,   357.61
  472.63,   470.08,   481.33
  469.21,   469.99,   605.71
  225.06,   226.84,   475.26
  227.91,   227.90,   600.56
  231.69,   229.08,   725.96
  223.96,   350.31,   474.69
  227.55,   352.03,   600.79
  231.81,   354.40,   726.56
  223.32,   475.34,   474.18
  227.61,   477.32,   600.22
  231.49,   480.11,   725.56
  349.25,   227.85,   473.81
  351.94,   228.82,   598.39
  356.04,   229.48,   723.52
  348.63,   351.11,   472.40
  351.66,   352.64,   597.19
  355.36,   354.84,   722.22
  348.53,   475.65,   470.76
  351.77,   477.27,   595.89
  354.77,   480.12,   721.30
  474.58,   228.36,   471.75
  477.03,   229.52,   596.36
  480.49,   230.12,   721.54
  473.94,   352.01,   470.01
  476.48,   353.43,   593.96
  479.92,   355.21,   718.43
  473.79,   476.32,   467.85
  476.51,   477.70,   592.20
  479.60,   480.23,   717.19
  224.55,   223.62,   598.28
  222.32,   223.71,   723.74
  218.73,   224.18,   849.43
  226.68,   347.70,   599.66
  225.02,   348.94,   725.49
  222.34,   349.80,   849.19
  229.32,   472.96,   600.22
  227.34,   474.72,   725.62
  223.27,   474.56,   849.90
  348.60,   222.03,   602.06
  346.86,   221.58,   727.19
  344.66,   221.29,   853.88
  350.79,   345.87,   602.04
  348.67,   346.91,   727.15
  345.73,   347.96,   852.65
  353.45,   470.47,   601.84
  350.59,   472.30,   727.30
  346.07,   473.53,   852.61
  473.65,   220.19,   606.09
  471.25,   219.61,   731.38
  469.03,   219.43,   857.09
  475.58,   344.18,   604.74
  473.15,   344.82,   729.36
  470.30,   345.57,   855.54
  478.16,   468.43,   604.07
  475.31,   469.95,   729.04
  471.44,   471.24,   855.10
  227.65,   351.05,    99.77
  228.77,   354.10,   223.68
  229.51,   356.09,   348.50
  229.32,   476.48,    96.41
  229.64,   479.36,   220.11
  230.55,   481.19,   345.49
  229.97,   600.09,    93.94
  230.33,   603.47,   218.21
  232.15,   606.56,   343.17
  351.99,   349.67,    97.86
  353.89,   352.25,   223.05
  354.62,   354.41,   347.88
  353.16,   474.57,    95.35
  354.71,   477.41,   220.36
  356.14,   479.26,   344.55
  354.45,   598.82,    92.89
  356.22,   601.95,   217.96
  358.12,   604.88,   341.30
  476.38,   347.95,    95.95
  479.13,   350.46,   221.63
  480.19,   352.89,   346.56
  477.44,   472.64,    93.76
  480.18,   475.35,   219.61
  481.83,   477.62,   343.26
  479.41,   597.21,    91.21
  482.09,   600.37,   216.74
  483.70,   602.82,   339.64
  224.78,   351.13,   224.16
  220.66,   350.98,   348.94
  217.43,   351.18,   474.62
  220.99,   476.41,   222.59
  216.96,   476.06,   348.04
  214.35,   476.21,   474.48
  216.96,   600.54,   222.76
  213.84,   601.37,   347.90
  211.72,   602.26,   473.64
  349.77,   354.01,   228.32
  345.61,   353.98,   353.10
  342.07,   354.37,   477.83
  345.91,   479.16,   227.61
  342.43,   478.83,   351.85
  339.59,   478.95,   476.59
  342.70,   603.73,   227.26
  339.69,   604.52,   350.76
  336.87,   605.03,   475.29
  474.94,   356.92,   231.85
  471.06,   357.16,   356.67
  467.25,   357.69,   480.88
  471.37,   481.84,   231.82
  468.07,   481.86,   355.35
  464.75,   481.97,   479.04
  468.62,   606.85,   230.94
  465.31,   607.17,   353.73
  462.10,   607.47,   477.44
  224.68,   349.26,   347.79
  223.46,   350.04,   473.46
  223.53,   351.92,   599.61
  227.16,   474.32,   346.41
  226.59,   475.02,   472.76
  227.34,   477.17,   598.86
  230.23,   599.68,   345.73
  230.10,   601.12,   471.38
  230.16,   602.33,   597.19
  349.71,   346.14,   350.01
  348.10,   347.14,   474.74
  347.65,   348.84,   599.58
  352.68,   470.92,   348.32
  351.78,   471.58,   472.93
  351.51,   473.42,   598.09
  356.16,   596.52,   346.70
  355.27,   597.52,   471.03
  354.56,   598.69,   596.86
  475.21,   343.19,   351.58
  473.36,   344.34,   475.90
  472.40,   345.93,   599.90
  478.34,   467.84,   349.87
  477.01,   468.54,   473.60
  476.21,   470.14,   597.95
  481.71,   593.03,   347.87
  480.53,   593.83,   471.46
  479.86,   595.37,   596.99
  222.79,   348.64,   475.11
  221.48,   349.64,   601.25
  220.87,   351.26,   727.11
  224.67,   473.64,   475.35
  224.07,   474.93,   601.44
  223.15,   477.02,   726.83
  226.93,   599.75,   474.89
  225.66,   600.09,   600.70
  223.88,   600.51,   725.69
  347.42,   346.98,   477.72
  345.64,   347.80,   602.57
  344.56,   349.24,   727.72
  349.86,   471.45,   476.83
  348.26,   472.45,   602.03
  346.43,   474.62,   727.52
  352.09,   597.42,   475.87
  350.03,   597.71,   601.75
  347.67,   598.66,   728.15
  472.67,   345.42,   480.19
  470.37,   346.14,   604.19
  468.99,   347.17,   728.82
  475.08,   469.64,   478.78
  472.93,   470.40,   603.16
  471.11,   472.29,   728.20
  477.36,   594.98,   477.57
  475.31,   595.66,   603.20
  473.07,   597.14,   730.06
  226.66,   348.05,   601.81
  229.32,   348.61,   727.60
  230.88,   348.83,   851.32
  229.27,   473.33,   602.96
  231.56,   474.40,   728.36
  231.67,   473.59,   852.62
  230.83,   598.48,   603.22
  232.29,   597.92,   728.26
  232.16,   597.01,   852.43
  350.77,   346.22,   599.82
  352.93,   346.59,   724.90
  354.33,   346.96,   850.50
  353.40,   470.82,   600.21
  354.83,   471.96,   725.64
  354.67,   472.61,   851.00
  355.21,   596.09,   600.90
  356.14,   596.10,   727.34
  356.12,   596.24,   852.65
  475.59,   344.55,   598.21
  477.48,   344.52,   722.80
  479.07,   344.56,   848.89
  478.14,   468.79,   598.12
  479.66,   469.59,   723.06
  480.32,   470.21,   849.06
  480.53,   594.05,   599.05
  481.67,   594.53,   725.82
  481.96,   595.03,   851.54
  226.56,   475.12,   100.41
  227.56,   478.61,   224.14
  229.17,   481.15,   349.56
  221.97,   598.63,    97.36
  223.01,   602.69,   221.58
  225.53,   606.48,   346.62
  217.10,   722.27,    93.98
  218.72,   726.08,   219.58
  222.30,   731.81,   343.91
  350.38,   478.37,    98.64
  352.56,   481.87,   223.56
  354.72,   484.45,   347.71
  346.41,   602.51,    95.55
  348.81,   606.35,   220.49
  351.43,   610.06,   343.85
  342.70,   726.29,    91.94
  345.48,   730.32,   217.02
  348.11,   735.65,   340.21
  474.63,   481.61,    96.30
  478.01,   485.04,   222.05
  480.36,   488.01,   345.56
  471.37,   606.09,    93.12
  474.70,   609.98,   218.49
  477.01,   613.21,   341.28
  468.20,   729.96,    89.58
  471.47,   734.43,   214.18
  473.70,   738.60,   336.82
  226.34,   475.72,   223.22
  226.27,   474.95,   348.69
  227.63,   474.69,   475.05
  223.11,   599.89,   223.86
  223.95,   600.34,   348.98
  225.74,   600.81,   474.68
  220.20,   723.45,   225.10
  222.09,   725.82,   349.47
  223.64,   726.98,   473.74
  351.37,   477.69,   224.37
  351.83,   476.95,   348.63
  352.83,   476.63,   473.24
  348.95,   602.28,   224.52
  349.88,   602.62,   347.98
  350.92,   602.67,   472.37
  346.99,   726.43,   224.27
  347.92,   728.40,   347.49
  348.74,   729.48,   471.55
  476.86,   479.58,   224.62
  477.52,   479.24,   348.25
  478.11,   478.95,   471.94
  474.88,   604.61,   224.28
  475.51,   604.50,   347.16
  476.21,   604.35,   470.78
  473.00,   729.22,   223.12
  473.53,   730.01,   345.86
  474.29,   730.66,   470.11
  223.07,   475.09,   348.89
  220.06,   476.98,   475.25
  218.39,   480.34,   601.32
  220.32,   600.42,   346.97
  217.76,   603.05,   472.64
  215.41,   605.45,   598.36
  218.03,   725.80,   345.28
  215.30,   729.12,   469.51
  212.05,   730.61,   594.05
  348.55,   477.54,   353.10
  345.27,   479.40,   477.72
  342.63,   482.46,   602.97
  346.19,   603.21,   350.24
  342.91,   605.45,   474.66
  339.76,   607.73,   600.53
  343.82,   728.96,   347.59
  340.30,   732.24,   471.62
  336.75,   733.85,   597.60
  474.18,   480.28,   356.94
  470.44,   482.14,   480.59
  467.23,   484.96,   605.04
  471.77,   605.55,   353.61
  468.14,   607.59,   477.26
  464.97,   610.30,   603.05
  469.39,   731.09,   350.15
  465.80,   733.98,   474.41
  462.48,   736.54,   601.57
  224.88,   474.35,   475.24
  226.72,   478.35,   601.30
  228.16,   483.11,   726.63
  223.31,   600.43,   472.05
  224.46,   603.48,   597.80
  225.06,   606.47,   722.78
  221.56,   726.55,   468.35
  221.81,   728.74,   592.95
  221.52,   729.66,   718.25
  350.10,   475.96,   474.21
  350.91,   479.61,   599.37
  351.45,   484.45,   724.85
  348.51,   601.97,   470.54
  348.87,   604.92,   596.36
  348.93,   608.40,   722.83
  346.67,   728.74,   466.92
  346.67,   731.12,   592.97
  346.67,   732.25,   720.48
  475.37,   477.93,   473.67
  475.66,   481.33,   598.06
  476.27,   485.90,   723.16
  473.81,   603.31,   469.72
  474.19,   606.65,   595.34
  474.42,   610.72,   722.40
  472.22,   729.59,   466.22
  472.47,   732.91,   593.21
  472.49,   735.67,   721.73
  224.41,   476.76,   601.09
  225.88,   479.74,   726.47
  225.16,   480.78,   850.76
  224.07,   601.94,   599.41
  224.69,   603.20,   724.41
  223.78,   604.17,   848.52
  223.28,   727.19,   596.34
  223.00,   726.33,   721.73
  222.30,   726.59,   847.39
  348.63,   476.15,   599.24
  349.19,   479.20,   724.73
  348.10,   481.71,   850.07
  348.48,   601.47,   598.01
  348.55,   603.24,   724.46
  347.75,   605.15,   849.78
  348.16,   727.66,   596.47
  348.15,   727.06,   724.04
  348.63,   727.50,   849.95
  473.35,   475.98,   597.96
  473.96,   478.75,   723.02
  473.64,   481.36,   849.03
  473.79,   601.31,   597.02
  474.02,   603.63,   723.98
  473.44,   606.02,   849.80
  473.98,   727.58,   596.75
  473.98,   728.61,   725.24
  474.16,   729.92,   850.71
  224.54,   599.52,    98.57
  225.03,   597.64,   222.78
  226.87,   595.35,   347.84
  222.89,   723.11,   101.23
  224.15,   721.25,   226.69
  227.01,   720.87,   351.00
  222.77,   849.11,   102.13
  224.50,   846.33,   228.25
  227.32,   846.55,   353.39
  349.09,   600.20,    97.54
  350.86,   598.06,   222.46
  352.81,   595.64,   345.89
  348.74,   723.99,    99.99
  350.93,   722.25,   224.88
  352.87,   721.42,   348.01
  348.47,   847.47,   101.55
  350.64,   846.26,   226.30
  352.57,   846.86,   350.69
  474.13,   600.56,    95.87
  476.77,   598.43,   221.24
  478.44,   595.59,   344.15
  474.41,   724.61,    98.32
  476.91,   723.08,   222.74
  478.45,   721.03,   345.48
  474.10,   848.93,   100.29
  476.32,   847.99,   224.36
  478.27,   846.66,   348.01
  224.09,   601.87,   223.38
  221.17,   602.22,   348.45
  219.20,   602.59,   474.14
  226.95,   725.45,   224.75
  225.02,   727.71,   349.09
  222.80,   728.74,   473.34
  231.06,   850.48,   223.59
  229.01,   853.28,   348.89
  226.28,   855.02,   473.22
  349.88,   598.61,   227.73
  347.02,   598.81,   351.17
  344.33,   598.74,   475.65
  353.68,   722.82,   227.66
  350.79,   724.59,   350.81
  347.83,   725.50,   474.93
  357.08,   846.79,   226.61
  354.19,   849.96,   351.00
  351.29,   851.72,   475.55
  475.72,   595.25,   231.24
  472.58,   594.97,   354.10
  469.54,   594.71,   477.76
  479.55,   719.94,   230.22
  476.29,   720.46,   352.97
  473.30,   720.97,   477.28
  482.72,   844.92,   229.36
  479.85,   846.06,   353.04
  477.11,   846.88,   477.82
  223.85,   600.22,   351.20
  221.22,   599.81,   476.90
  218.81,   599.24,   602.68
  224.77,   725.77,   352.50
  221.88,   725.98,   476.76
  218.54,   724.37,   601.46
  225.84,   851.44,   353.01
  222.42,   852.33,   477.27
  218.45,   850.15,   601.66
  349.74,   599.70,   354.55
  346.36,   598.88,   479.04
  343.16,   598.22,   604.94
  350.55,   725.59,   354.86
  346.92,   725.70,   479.03
  343.30,   724.25,   605.27
  351.00,   851.05,   355.79
  347.44,   851.99,   480.35
  343.99,   850.15,   605.88
  475.30,   598.77,   358.09
  471.61,   597.78,   481.81
  468.37,   597.53,   607.53
  476.08,   724.34,   357.64
  472.44,   724.14,   482.05
  469.07,   723.73,   609.29
  476.68,   850.02,   358.51
  473.28,   850.10,   483.32
  469.84,   849.37,   610.13
  226.27,   600.54,   473.75
  228.46,   600.88,   599.55
  230.12,   601.29,   724.60
  227.05,   726.76,   472.68
  228.32,   726.17,   597.39
  229.14,   724.39,   722.88
  227.75,   853.08,   472.29
  228.47,   852.01,   596.71
  228.94,   848.97,   721.82
  351.46,   599.47,   471.24
  352.87,   599.73,   597.07
  353.99,   600.68,   723.54
  352.19,   726.28,   470.27
  353.24,   725.93,   596.50
  354.29,   724.55,   724.16
  352.84,   852.53,   470.64
  354.07,   851.89,   596.23
  355.60,   849.28,   722.96
  476.77,   598.26,   469.47
  478.20,   598.90,   595.04
  479.52,   600.36,   721.91
  477.74,   724.52,   468.64
  479.07,   725.16,   595.65
  480.14,   725.41,   724.09
  478.73,   850.44,   468.92
  479.97,   850.80,   595.56
  481.21,   850.34,   723.07
  224.70,   599.68,   601.63
  222.48,   597.21,   726.60
  218.66,   594.35,   850.64
  226.91,   724.81,   602.50
  223.76,   720.11,   727.93
  220.21,   716.83,   853.29
  229.38,   850.50,   604.81
  225.80,   844.44,   729.90
  222.13,   840.24,   856.64
  349.05,   596.11,   603.12
  346.22,   594.16,   729.42
  342.37,   592.28,   854.51
  351.74,   722.09,   605.66
  348.80,   717.74,   733.14
  346.30,   714.70,   858.53
  354.97,   847.91,   608.39
  352.46,   842.18,   735.18
  350.33,   837.96,   861.55
  474.27,   592.86,   604.97
  471.54,   591.42,   731.68
  467.91,   590.01,   857.25
  477.51,   718.99,   608.84
  474.54,   716.23,   737.12
  471.74,   713.90,   862.00
  480.78,   844.58,   611.88
  478.02,   841.02,   739.46
  475.97,   837.80,   864.19
  349.52,   101.25,   100.09
  348.28,   104.33,   225.10
  345.15,   108.35,   349.75
  346.52,   226.38,    96.07
  345.65,   229.36,   221.49
  342.67,   233.52,   346.26
  343.69,   351.87,    92.47
  342.14,   355.07,   217.55
  339.40,   357.71,   342.34
  474.25,   104.24,   101.45
  472.63,   107.18,   226.28
  470.36,   111.13,   350.99
  471.62,   229.74,    97.13
  470.79,   232.66,   222.54
  467.85,   236.29,   348.05
  468.03,   354.54,    93.94
  467.32,   357.59,   219.67
  464.89,   360.50,   344.52
  598.62,   106.95,   103.02
  596.84,   110.56,   227.06
  595.58,   113.85,   352.10
  596.28,   232.32,    98.61
  595.08,   235.82,   223.08
  593.26,   238.68,   348.67
  592.81,   356.74,    95.41
  592.33,   360.13,   220.29
  590.57,   363.34,   345.28
  350.24,   100.52,   224.48
  348.01,   100.82,   349.17
  346.58,   101.39,   473.78
  353.00,   225.56,   224.52
  350.94,   226.21,   349.41
  349.03,   226.69,   474.03
  354.83,   351.25,   224.33
  353.03,   350.39,   349.20
  351.74,   349.93,   473.91
  474.47,    97.93,   224.85
  473.24,    98.16,   349.48
  472.36,    98.48,   474.52
  478.12,   223.49,   224.66
  476.15,   223.57,   350.23
  474.34,   223.90,   475.16
  480.07,   348.43,   225.39
  478.56,   347.83,   350.37
  477.05,   347.53,   474.70
  598.58,    95.80,   224.94
  598.41,    95.58,   349.84
  598.41,    95.58,   476.12
  602.34,   221.29,   224.31
  601.56,   220.53,   349.92
  600.58,   220.46,   475.19
  605.06,   345.65,   224.96
  604.29,   345.24,   350.11
  603.23,   345.03,   475.01
  351.74,    99.19,   350.55
  348.53,   101.12,   475.14
  347.12,   102.96,   599.61
  354.51,   224.61,   349.52
  350.79,   226.42,   474.10
  348.50,   227.43,   598.65
  356.44,   348.78,   348.02
  353.33,   349.65,   472.68
  351.37,   351.23,   597.46
  476.96,    96.75,   352.68
  474.30,    98.41,   477.73
  472.15,   100.04,   603.12
  479.69,   222.17,   352.14
  476.09,   223.82,   477.05
  473.57,   225.01,   601.70
  481.95,   346.43,   350.99
  478.63,   347.46,   475.29
  476.17,   348.93,   599.25
  602.15,    94.38,   354.96
  600.33,    95.71,   481.21
  597.11,    97.02,   606.10
  605.10,   219.31,   353.66
  602.32,   220.58,   478.91
  599.42,   221.96,   604.19
  607.66,   344.02,   352.53
  604.78,   345.16,   477.42
  602.29,   346.51,   601.94
  348.51,    99.93,   474.03
  351.05,   101.96,   598.55
  354.22,   103.42,   724.34
  345.09,   225.25,   472.77
  346.74,   226.44,   597.36
  349.81,   227.32,   722.49
  341.91,   348.46,   471.19
  343.93,   350.20,   596.06
  346.64,   352.60,   721.16
  474.25,   103.00,   472.65
  476.01,   104.72,   598.08
  478.09,   106.21,   723.67
  470.34,   228.29,   471.76
  471.75,   229.66,   596.36
  474.21,   230.47,   721.56
  467.15,   351.87,   469.82
  468.65,   353.51,   593.80
  471.06,   355.55,   718.30
  600.23,   105.90,   471.93
  601.06,   107.33,   597.09
  601.12,   109.06,   721.60
  596.54,   230.74,   469.57
  597.68,   232.28,   594.73
  598.93,   233.80,   720.06
  593.25,   355.28,   467.99
  594.74,   356.78,   592.42
  596.89,   358.35,   717.00
  350.69,   102.70,   600.50
  354.98,   105.61,   726.27
  358.12,   107.53,   852.79
  350.72,   227.17,   597.77
  354.93,   229.56,   722.87
  358.88,   232.13,   849.43
  352.25,   350.94,   594.81
  356.07,   354.85,   719.79
  359.10,   358.81,   845.27
  475.70,   101.00,   598.89
  478.91,   104.04,   724.46
  481.88,   106.04,   849.83
  475.80,   225.99,   595.70
  479.37,   228.30,   720.84
  483.09,   231.00,   846.41
  477.08,   349.86,   591.54
  480.64,   353.34,   715.95
  483.96,   356.92,   841.84
  600.78,    99.21,   596.82
  601.92,   102.44,   721.19
  604.48,   105.22,   847.39
  601.74,   224.15,   593.01
  604.03,   227.21,   718.29
  606.04,   230.62,   842.40
  603.22,   348.69,   589.12
  606.46,   351.73,   713.74
  609.39,   354.85,   838.57
  349.83,   227.04,    99.77
  352.96,   227.70,   225.20
  354.04,   229.55,   350.07
  349.64,   352.66,    98.56
  352.13,   353.41,   223.75
  353.49,   353.74,   348.61
  349.25,   477.62,    97.90
  351.36,   478.60,   222.86
  353.41,   478.62,   347.10
  474.86,   227.68,    96.81
  478.10,   228.26,   222.19
  479.30,   229.51,   347.74
  474.00,   352.52,    96.02
  477.37,   353.21,   221.72
  479.06,   353.82,   346.64
  473.53,   477.27,    95.72
  476.85,   478.15,   221.53
  479.11,   478.58,   345.16
  599.51,   227.41,    94.38
  602.34,   228.68,   218.69
  604.73,   229.12,   344.24
  598.73,   351.96,    93.46
  602.36,   353.03,   218.20
  604.78,   353.88,   343.23
  598.79,   476.73,    92.74
  602.19,   477.80,   217.86
  604.39,   478.94,   342.24
  350.78,   224.15,   226.54
  351.76,   226.69,   351.38
  352.92,   229.01,   475.99
  346.15,   349.81,   224.45
  347.40,   350.81,   349.30
  349.21,   352.20,   474.03
  341.55,   474.98,   222.86
  343.47,   475.62,   347.20
  346.01,   476.69,   471.87
  475.87,   228.51,   223.57
  476.96,   230.43,   349.10
  478.22,   232.57,   473.97
  471.32,   353.43,   222.52
  472.89,   354.66,   347.42
  474.48,   356.17,   471.68
  466.96,   478.33,   221.73
  469.13,   479.36,   345.35
  471.22,   480.44,   468.99
  600.08,   232.73,   220.12
  602.35,   233.83,   345.67
  604.43,   235.56,   470.79
  596.27,   357.02,   219.12
  598.55,   358.52,   344.12
  600.57,   360.16,   468.94
  592.27,   481.77,   218.29
  594.38,   483.48,   342.56
  596.68,   484.91,   467.10
  351.77,   226.19,   350.73
  351.08,   223.56,   475.32
  351.83,   220.13,   599.85
  350.35,   350.32,   353.62
  350.31,   346.77,   478.32
  351.37,   343.92,   603.11
  349.44,   475.08,   356.44
  350.13,   471.19,   481.10
  351.40,   468.53,   606.24
  477.02,   227.02,   350.37
  476.44,   224.21,   475.25
  476.95,   220.95,   599.94
  475.91,   351.25,   353.62
  475.63,   347.83,   477.90
  476.22,   344.88,   601.89
  475.14,   475.91,   356.40
  475.37,   472.04,   480.13
  476.12,   469.12,   604.51
  602.47,   227.47,   348.87
  602.71,   224.24,   474.05
  602.86,   221.14,   599.34
  601.68,   352.17,   352.22
  601.84,   348.82,   477.05
  602.38,   345.70,   601.54
  600.48,   477.17,   355.54
  600.98,   473.60,   480.22
  602.08,   470.28,   604.77
  348.66,   224.26,   474.34
  349.65,   226.57,   598.91
  352.06,   228.60,   724.04
  345.02,   347.43,   471.59
  346.36,   350.31,   596.42
  348.41,   353.87,   721.50
  341.90,   471.87,   468.63
  343.50,   474.88,   593.83
  344.87,   479.09,   719.28
  473.92,   227.74,   473.92
  474.68,   230.25,   598.53
  476.46,   232.21,   723.70
  470.28,   351.30,   470.83
  471.11,   354.08,   594.78
  472.86,   357.28,   719.27
  467.13,   475.53,   467.32
  468.13,   478.28,   591.69
  469.49,   482.22,   716.75
  600.14,   230.63,   472.35
  600.60,   233.33,   597.51
  601.17,   236.02,   722.81
  596.38,   355.17,   469.62
  597.21,   357.81,   594.05
  598.70,   360.52,   718.61
  592.64,   479.88,   466.91
  593.97,   482.33,   591.51
  595.73,   485.43,   715.86
  349.83,   225.73,   600.09
  351.22,   222.74,   725.23
  352.27,   219.83,   851.95
  347.39,   349.53,   602.58
  348.40,   348.04,   727.69
  348.59,   346.49,   853.22
  345.37,   474.18,   604.99
  345.63,   473.44,   730.45
  344.21,   472.04,   855.67
  474.89,   228.60,   600.90
  475.64,   225.52,   726.18
  476.54,   222.79,   851.90
  472.16,   352.49,   602.09
  472.87,   350.65,   726.71
  473.21,   348.84,   852.89
  470.02,   476.76,   604.00
  470.30,   475.76,   729.07
  469.59,   474.49,   855.09
  600.80,   230.87,   601.10
  600.25,   228.56,   726.45
  599.37,   226.57,   850.59
  598.28,   355.38,   602.56
  598.68,   353.09,   727.22
  598.54,   350.93,   852.17
  595.92,   479.96,   604.99
  596.61,   478.03,   729.30
  596.80,   475.78,   854.51
  351.71,   350.88,    99.65
  354.29,   348.11,   224.84
  355.69,   345.01,   349.70
  354.65,   475.82,   102.46
  356.86,   473.21,   227.39
  358.95,   469.71,   351.61
  357.68,   600.03,   105.42
  360.19,   597.82,   230.18
  362.74,   595.30,   353.51
  476.07,   347.46,    96.96
  479.50,   344.65,   222.60
  481.21,   341.81,   347.58
  478.97,   472.13,   100.17
  482.31,   469.48,   225.83
  484.59,   466.44,   349.52
  482.79,   596.75,   103.03
  485.97,   594.49,   228.17
  488.21,   591.55,   351.10
  600.75,   343.62,    94.27
  604.40,   341.23,   218.92
  606.89,   338.53,   344.01
  604.20,   468.29,    96.99
  607.61,   465.87,   221.96
  609.89,   463.54,   346.41
  608.16,   593.52,    99.19
  610.73,   591.03,   224.31
  612.72,   588.27,   348.76
  349.83,   350.60,   226.00
  346.84,   352.50,   350.80
  344.46,   354.79,   475.51
  349.62,   475.78,   223.53
  347.32,   477.36,   347.75
  345.63,   479.37,   472.39
  350.08,   600.35,   221.42
  348.27,   603.02,   344.83
  346.58,   605.44,   469.18
  475.08,   349.90,   228.31
  472.37,   352.07,   353.21
  469.72,   354.51,   477.44
  475.12,   474.81,   226.52
  473.02,   476.78,   350.13
  470.88,   478.80,   473.78
  476.00,   599.85,   223.91
  473.91,   602.05,   346.75
  471.88,   604.24,   470.31
  600.11,   349.23,   229.12
  598.12,   351.62,   354.21
  595.86,   354.20,   479.01
  600.48,   473.98,   227.20
  598.35,   476.64,   351.59
  596.44,   478.97,   476.20
  600.86,   599.21,   224.56
  598.52,   601.38,   348.83
  596.91,   603.67,   473.07
  349.11,   351.14,   351.47
  345.79,   349.89,   476.18
  343.62,   349.37,   601.05
  351.52,   475.95,   352.05
  348.90,   474.38,   476.68
  346.91,   474.02,   601.89
  354.42,   601.61,   352.67
  351.79,   600.36,   477.09
  349.34,   599.28,   602.99
  474.59,   348.72,   354.74
  471.00,   347.63,   479.02
  468.31,   347.01,   603.02
  477.16,   473.40,   355.25
  474.09,   471.86,   478.98
  471.54,   471.27,   603.37
  479.95,   598.62,   355.44
  477.04,   597.20,   479.14
  474.60,   596.53,   604.81
  600.31,   346.28,   356.60
  597.13,   345.29,   481.43
  594.37,   344.52,   605.87
  602.46,   471.31,   357.59
  599.65,   470.06,   482.29
  597.44,   469.09,   606.78
  604.50,   596.03,   358.48
  602.06,   594.77,   482.87
  600.25,   594.26,   608.10
  348.56,   348.35,   476.07
  351.41,   351.65,   600.83
  354.91,   355.61,   725.85
  348.08,   472.81,   472.68
  351.11,   476.24,   597.79
  353.89,   480.85,   723.19
  347.38,   598.81,   469.24
  349.98,   601.55,   594.98
  352.28,   604.88,   721.41
  473.86,   349.61,   473.86
  476.22,   352.78,   597.78
  479.47,   356.34,   722.24
  473.33,   473.86,   469.96
  475.84,   477.02,   594.28
  478.72,   481.33,   719.27
  472.67,   599.23,   466.22
  475.27,   602.32,   591.71
  477.79,   606.21,   718.65
  600.03,   350.81,   471.21
  602.36,   353.85,   595.66
  605.31,   356.93,   720.26
  598.88,   475.61,   468.18
  601.72,   478.44,   592.79
  605.01,   481.84,   717.07
  597.66,   600.27,   464.80
  600.84,   603.55,   590.02
  603.93,   607.51,   715.45
  347.79,   350.76,   598.98
  348.75,   354.65,   724.07
  348.82,   358.55,   849.52
  350.71,   475.33,   595.96
  350.95,   479.88,   721.42
  349.56,   483.94,   846.79
  352.81,   600.63,   593.17
  352.54,   603.91,   719.64
  351.45,   607.32,   845.09
  472.56,   348.77,   598.59
  473.24,   352.23,   723.11
  473.54,   355.81,   849.18
  475.43,   472.98,   595.12
  475.72,   477.22,   720.11
  475.11,   481.36,   846.08
  478.13,   598.22,   592.59
  478.05,   602.07,   719.48
  477.16,   605.98,   845.40
  598.69,   346.67,   599.08
  599.04,   349.69,   723.73
  598.96,   352.84,   848.63
  601.34,   471.23,   596.24
  602.01,   474.55,   720.50
  602.29,   477.67,   845.56
  603.72,   596.31,   593.61
  604.24,   600.17,   718.94
  604.06,   603.47,   843.58
  348.80,   475.27,    99.05
  351.80,   475.15,   223.98
  354.72,   474.09,   348.23
  351.23,   599.51,    99.50
  354.50,   599.74,   224.40
  357.91,   599.72,   347.77
  354.03,   723.29,    99.48
  357.72,   723.93,   224.34
  361.09,   725.48,   347.39
  473.02,   472.15,    95.96
  477.23,   471.95,   221.74
  480.36,   471.31,   345.42
  476.21,   596.75,    96.34
  480.32,   596.98,   221.70
  483.43,   596.51,   344.60
  479.59,   720.82,    96.27
  483.56,   721.65,   220.74
  486.55,   721.89,   343.49
  598.18,   468.84,    92.11
  602.53,   468.84,   217.18
  605.65,   468.92,   341.57
  601.58,   594.04,    91.89
  605.13,   594.07,   217.07
  607.95,   593.69,   341.46
  605.13,   719.67,    91.78
  608.02,   719.67,   216.25
  610.89,   718.25,   340.75
  351.46,   475.56,   226.73
  351.60,   477.85,   350.95
  352.34,   480.57,   475.52
  354.72,   600.11,   223.91
  355.34,   603.45,   347.27
  356.04,   606.54,   471.54
  358.48,   724.20,   220.61
  359.06,   729.11,   343.68
  359.54,   733.27,   467.65
  476.93,   471.80,   227.34
  477.26,   474.48,   350.97
  477.55,   477.22,   474.63
  480.57,   596.79,   224.03
  480.90,   599.66,   346.90
  481.31,   602.53,   470.45
  484.36,   721.42,   219.85
  484.57,   725.01,   342.58
  485.04,   728.64,   466.72
  602.27,   468.17,   225.65
  602.57,   471.55,   350.07
  603.08,   474.62,   474.76
  605.39,   593.32,   222.30
  605.44,   596.25,   346.65
  606.24,   599.24,   471.00
  608.82,   718.86,   218.20
  608.96,   720.78,   342.67
  609.86,   723.82,   467.29
  351.15,   475.35,   350.67
  348.13,   474.31,   475.29
  345.76,   474.47,   600.51
  352.14,   601.04,   350.74
  349.13,   600.33,   475.15
  346.30,   599.77,   601.03
  353.12,   726.87,   350.92
  349.87,   727.15,   475.04
  346.64,   725.88,   601.27
  476.80,   474.69,   354.28
  473.35,   473.68,   477.98
  470.41,   473.61,   602.38
  477.71,   599.95,   353.90
  474.40,   599.08,   477.57
  471.55,   598.92,   603.25
  478.65,   725.49,   353.33
  475.39,   725.40,   477.68
  472.43,   725.15,   604.85
  602.10,   474.50,   357.03
  598.91,   473.77,   481.70
  596.32,   473.34,   606.20
  602.28,   599.23,   357.33
  599.44,   598.50,   481.66
  597.22,   598.54,   606.92
  603.15,   723.81,   357.08
  600.37,   723.37,   481.76
  597.68,   724.31,   607.85
  349.78,   473.95,   474.78
  353.88,   475.71,   599.87
  357.73,   478.65,   725.25
  349.54,   599.98,   473.01
  353.22,   601.03,   598.79
  356.60,   602.75,   725.23
  349.04,   726.79,   471.28
  352.38,   727.22,   597.44
  355.72,   726.61,   725.09
  475.01,   474.57,   470.99
  478.61,   476.06,   595.32
  482.60,   478.67,   720.27
  474.80,   599.96,   468.92
  478.52,   601.38,   594.46
  482.14,   603.62,   721.33
  474.55,   726.24,   467.32
  478.17,   727.66,   594.28
  481.53,   728.69,   722.69
  600.53,   475.89,   468.15
  604.48,   477.04,   592.79
  608.87,   478.72,   717.06
  599.76,   600.58,   466.47
  604.05,   602.18,   591.71
  608.27,   604.44,   717.04
  599.48,   725.35,   464.86
  603.31,   727.81,   590.79
  606.68,   730.40,   716.89
  350.48,   475.49,   600.22
  352.71,   479.20,   725.65
  353.29,   482.39,   850.99
  351.68,   600.78,   598.30
  353.42,   603.24,   724.76
  354.33,   605.85,   850.12
  352.72,   726.96,   596.12
  354.41,   727.10,   723.77
  356.62,   728.25,   849.70
  475.19,   473.95,   597.29
  477.52,   477.36,   722.29
  478.96,   480.60,   848.26
  476.99,   599.24,   595.63
  478.95,   602.25,   722.52
  480.11,   605.31,   848.34
  478.53,   725.49,   594.64
  480.25,   727.29,   723.09
  482.07,   729.33,   848.60
  601.09,   473.04,   596.35
  603.82,   475.51,   720.63
  606.17,   477.74,   845.66
  602.58,   598.17,   594.53
  605.14,   601.18,   719.87
  607.04,   603.60,   844.45
  603.71,   723.78,   592.84
  605.47,   727.13,   718.98
  607.07,   729.77,   843.72
  349.93,   599.50,   100.41
  347.97,   599.84,   225.26
  346.17,   599.96,   348.73
  348.94,   723.29,   100.30
  347.35,   724.03,   225.20
  345.56,   725.77,   348.43
  348.00,   846.82,    99.35
  346.41,   848.01,   224.08
  344.59,   851.15,   348.63
  475.06,   600.52,   102.57
  473.90,   600.83,   227.73
  471.82,   600.50,   350.59
  474.64,   724.57,   102.41
  473.37,   725.50,   226.73
  471.18,   726.06,   349.47
  473.64,   848.87,   101.79
  472.08,   850.39,   225.89
  470.28,   851.68,   349.66
  600.54,   601.65,   103.22
  598.76,   601.69,   228.41
  596.45,   601.33,   352.66
  600.24,   727.28,   103.02
  597.95,   727.22,   227.48
  595.77,   726.00,   351.77
  599.70,   852.96,   102.79
  597.50,   853.17,   226.77
  595.86,   851.62,   351.48
  351.41,   598.54,   224.81
  349.88,   601.43,   348.22
  348.48,   604.08,   472.59
  350.76,   722.68,   221.99
  349.23,   727.17,   345.16
  347.59,   730.88,   469.17
  349.76,   846.53,   218.10
  348.20,   852.40,   342.59
  346.61,   857.02,   467.16
  477.32,   599.60,   226.97
  475.51,   602.04,   349.80
  473.78,   604.49,   473.40
  476.76,   724.24,   223.24
  474.83,   727.53,   345.94
  473.15,   730.79,   470.14
  475.44,   849.07,   219.63
  473.89,   853.09,   343.38
  472.48,   856.63,   468.04
  602.16,   600.53,   227.31
  600.11,   602.95,   351.58
  598.81,   605.51,   475.86
  601.32,   726.07,   223.66
  599.39,   727.59,   347.96
  598.16,   730.33,   472.60
  600.83,   852.03,   220.19
  599.47,   853.22,   344.88
  598.21,   855.44,   470.10
  348.61,   598.14,   350.65
  348.69,   598.26,   475.11
  348.92,   598.53,   600.99
  351.65,   723.94,   350.01
  351.48,   725.03,   474.13
  351.32,   724.63,   600.41
  354.31,   849.31,   349.92
  354.20,   851.28,   474.48
  354.23,   850.55,   600.13
  474.23,   595.05,   350.85
  473.96,   594.98,   474.50
  474.18,   595.63,   600.12
  477.21,   720.53,   349.44
  476.99,   721.21,   473.72
  477.12,   721.83,   600.81
  480.02,   846.14,   349.22
  480.08,   847.12,   473.97
  480.10,   847.47,   600.76
  598.86,   592.33,   351.20
  599.00,   592.41,   475.55
  599.82,   593.21,   600.80
  601.69,   716.91,   350.12
  601.92,   717.18,   474.77
  602.34,   718.88,   600.78
  605.43,   842.38,   349.44
  605.58,   842.22,   474.72
  605.04,   843.75,   600.37
  350.51,   601.13,   473.46
  350.45,   600.23,   599.34
  350.11,   600.01,   725.78
  346.98,   727.91,   473.68
  346.55,   726.32,   599.90
  346.12,   723.69,   727.43
  343.36,   854.12,   475.25
  343.11,   852.17,   600.72
  343.11,   848.23,   727.31
  475.77,   604.17,   473.13
  475.73,   603.67,   598.82
  475.54,   603.94,   725.78
  472.50,   730.48,   473.51
  472.33,   729.89,   600.67
  471.90,   728.82,   729.14
  469.17,   856.36,   475.04
  468.97,   855.44,   601.64
  468.85,   853.57,   729.10
  600.75,   607.81,   474.45
  601.31,   607.55,   599.79
  601.70,   607.88,   725.24
  597.50,   732.64,   474.79
  597.54,   733.24,   600.92
  597.11,   733.73,   727.27
  594.90,   857.76,   475.92
  594.08,   857.92,   601.52
  592.74,   858.27,   727.48
  349.11,   600.03,   601.45
  345.38,   599.63,   727.82
  340.72,   599.31,   852.93
  351.42,   726.11,   602.31
  347.59,   723.31,   729.80
  344.24,   721.69,   855.35
  354.25,   851.97,   603.45
  350.88,   847.91,   730.08
  347.79,   845.11,   856.51
  474.34,   597.21,   604.28
  470.70,   597.36,   731.10
  466.20,   597.56,   856.70
  477.18,   723.40,   606.47
  473.33,   722.22,   734.82
  469.70,   721.40,   859.82
  480.07,   848.98,   607.80
  476.45,   847.05,   735.28
  473.51,   845.35,   860.19
  599.97,   594.88,   608.57
  596.94,   594.98,   733.83
  593.14,   594.42,   858.55
  602.35,   720.61,   610.03
  598.62,   720.90,   736.20
  594.73,   720.44,   860.83
  604.88,   845.46,   610.95
  600.18,   845.72,   736.81
  596.45,   845.29,   862.18
  474.00,   102.04,    98.92
  472.14,    99.88,   223.80
  469.75,    98.60,   348.42
  471.22,   227.55,    99.65
  470.15,   225.38,   225.11
  467.03,   224.01,   350.63
  467.49,   352.40,   101.60
  466.46,   350.35,   227.27
  463.79,   348.23,   352.19
  598.36,   104.87,   100.79
  596.33,   103.38,   224.94
  594.93,   101.62,   349.90
  595.84,   230.37,   101.37
  594.42,   228.75,   225.93
  592.41,   226.55,   351.55
  592.24,   354.81,   103.27
  591.47,   353.10,   228.17
  589.49,   351.21,   353.24
  722.65,   107.38,   102.07
  720.51,   106.91,   225.81
  720.23,   104.62,   352.21
  719.58,   232.67,   103.19
  719.05,   231.74,   227.30
  718.41,   229.08,   352.12
  717.15,   357.07,   104.79
  716.53,   356.17,   228.29
  715.16,   354.31,   353.53
  476.01,    99.92,   225.30
  474.99,    98.10,   349.91
  474.36,    96.33,   474.92
  479.01,   225.48,   227.17
  477.26,   223.51,   352.71
  475.70,   221.80,   477.62
  480.35,   350.38,   229.95
  479.06,   347.74,   354.88
  477.78,   345.43,   479.18
  600.16,    98.42,   225.09
  600.17,    96.13,   350.03
  600.41,    94.07,   476.33
  603.27,   223.84,   226.56
  602.71,   221.06,   352.15
  601.97,   218.94,   477.40
  605.39,   348.20,   229.26
  604.82,   345.75,   354.37
  603.99,   343.52,   479.24
  724.28,    96.98,   224.54
  725.30,    94.26,   351.14
  725.74,    92.13,   477.98
  727.97,   221.92,   226.67
  728.78,   218.65,   351.45
  728.32,   215.82,   476.56
  730.51,   346.38,   228.10
  730.59,   343.89,   353.26
  730.19,   341.34,   479.03
  474.35,    99.46,   348.38
  473.78,    98.88,   473.41
  473.77,    98.24,   598.80
  471.55,   224.85,   350.00
  470.04,   224.30,   474.92
  469.65,   223.27,   599.59
  468.22,   349.08,   351.00
  467.03,   347.88,   475.32
  466.71,   347.16,   599.34
  599.53,   102.57,   348.42
  599.77,   101.66,   474.68
  598.77,   100.72,   599.76
  596.95,   227.49,   349.44
  596.25,   226.54,   474.66
  595.53,   225.69,   599.90
  593.94,   352.17,   350.56
  593.16,   351.07,   475.38
  592.81,   350.20,   599.81
  724.84,   105.69,   349.26
  725.25,   104.52,   475.75
  722.89,   103.16,   599.41
  722.96,   230.17,   348.60
  722.61,   228.53,   473.72
  721.21,   227.85,   599.65
  719.60,   355.42,   349.40
  719.29,   354.12,   475.23
  718.94,   352.91,   601.08
  473.14,    98.40,   473.72
  471.51,    97.17,   599.06
  470.25,    95.86,   724.63
  469.74,   223.83,   475.80
  467.71,   222.20,   600.46
  466.75,   219.95,   725.75
  467.07,   347.42,   476.76
  465.12,   346.10,   600.77
  464.09,   345.10,   725.41
  599.14,   100.83,   476.66
  596.48,    99.30,   601.68
  593.16,    98.07,   726.15
  595.94,   225.71,   477.20
  593.57,   224.27,   602.45
  591.31,   222.78,   727.77
  593.19,   350.24,   478.47
  591.19,   348.78,   602.87
  589.83,   347.38,   727.54
  724.58,   103.34,   479.43
  720.52,   101.37,   602.98
  715.95,   100.07,   726.26
  722.28,   227.32,   477.93
  719.18,   226.09,   603.87
  715.29,   225.76,   729.55
  719.33,   352.90,   480.01
  717.32,   351.11,   605.81
  715.27,   349.45,   730.96
  474.37,    99.83,   598.38
  476.91,    97.25,   723.90
  479.04,    93.65,   849.21
  472.97,   224.83,   600.97
  475.84,   221.39,   726.26
  478.82,   218.29,   851.91
  472.75,   348.76,   602.51
  475.59,   346.53,   727.12
  478.08,   344.32,   853.25
  599.45,    99.66,   597.07
  599.88,    97.18,   721.38
  601.84,    94.07,   847.91
  598.88,   224.62,   599.04
  600.39,   221.96,   724.38
  601.57,   219.63,   848.51
  598.87,   349.16,   600.82
  601.36,   346.50,   725.53
  603.29,   343.98,   850.38
  723.64,    99.51,   594.59
  722.77,    96.81,   717.47
  725.69,    95.11,   845.37
  724.57,   224.12,   596.50
  724.44,   222.62,   722.20
  724.46,   220.51,   846.30
  725.00,   349.21,   599.81
  726.77,   346.31,   725.08
  727.97,   343.48,   848.62
  475.41,   227.88,    99.25
  474.63,   228.14,   224.69
  471.82,   229.13,   350.25
  472.76,   352.73,    98.78
  472.09,   353.11,   224.49
  469.77,   353.40,   349.41
  470.49,   477.48,    98.81
  469.77,   478.05,   224.54
  468.03,   478.13,   348.17
  600.03,   229.54,   100.64
  598.91,   230.37,   225.16
  597.26,   230.56,   350.78
  597.55,   354.00,   100.12
  597.12,   354.74,   224.97
  595.49,   355.28,   350.06
  595.80,   478.79,    99.76
  595.13,   479.53,   224.95
  593.36,   480.29,   349.29
  723.79,   230.70,   102.14
  723.61,   232.26,   226.24
  723.30,   232.00,   351.01
  722.47,   355.11,   101.38
  722.21,   356.72,   224.76
  721.15,   357.31,   349.99
  721.48,   480.13,    99.96
  719.91,   481.33,   223.80
  718.07,   482.77,   349.86
  474.93,   224.43,   223.62
  476.22,   225.09,   349.15
  477.68,   225.96,   474.05
  472.30,   349.41,   223.81
  474.05,   349.36,   348.76
  475.82,   349.61,   473.05
  469.84,   474.34,   224.29
  472.19,   474.08,   347.95
  474.47,   473.88,   471.63
  599.16,   226.80,   220.01
  601.62,   226.60,   345.57
  603.93,   227.04,   470.75
  597.28,   351.15,   220.23
  599.76,   351.32,   345.28
  601.98,   351.67,   470.12
  595.19,   475.91,   220.65
  597.51,   476.35,   344.96
  600.00,   476.50,   469.60
  723.70,   228.81,   217.07
  727.62,   228.21,   341.82
  730.31,   227.92,   466.82
  722.30,   353.21,   216.04
  725.40,   353.45,   341.10
  728.08,   353.59,   466.91
  719.99,   477.77,   215.41
  722.21,   478.89,   341.30
  725.08,   479.39,   468.04
  474.13,   227.04,   349.28
  473.05,   228.44,   474.19
  473.07,   229.39,   598.83
  471.06,   351.29,   348.32
  470.30,   352.04,   472.62
  470.41,   353.27,   596.62
  468.31,   476.00,   346.95
  468.07,   476.31,   470.64
  468.34,   477.53,   595.06
  599.54,   229.45,   348.22
  599.28,   230.45,   473.42
  599.00,   231.59,   598.63
  596.77,   354.16,   347.37
  596.44,   355.02,   472.22
  596.52,   356.11,   596.67
  593.63,   479.15,   346.49
  593.61,   479.78,   471.06
  594.21,   480.68,   595.67
  725.57,   231.93,   346.92
  725.66,   232.23,   472.00
  724.73,   233.52,   597.93
  722.41,   357.19,   345.72
  722.54,   357.88,   471.60
  722.66,   358.62,   597.51
  718.33,   482.61,   345.42
  718.70,   483.59,   472.10
  719.85,   483.85,   597.74
  474.84,   224.76,   475.67
  471.40,   223.47,   600.31
  469.02,   221.55,   725.56
  473.01,   348.39,   476.30
  469.64,   347.39,   600.27
  467.21,   346.72,   724.86
  471.71,   472.63,   476.50
  468.51,   471.65,   600.88
  465.65,   471.84,   725.90
  601.04,   225.78,   478.41
  597.25,   224.69,   603.67
  593.56,   223.56,   728.96
  599.13,   350.37,   479.36
  595.73,   349.23,   603.79
  592.96,   348.15,   728.43
  597.26,   475.14,   480.46
  594.40,   473.81,   604.94
  591.91,   473.10,   729.19
  727.36,   226.55,   480.53
  722.80,   225.69,   606.48
  717.47,   225.72,   732.12
  725.25,   352.18,   482.30
  721.82,   350.71,   608.12
  718.35,   349.38,   733.23
  722.43,   477.93,   485.11
  720.14,   475.88,   610.48
  718.01,   473.86,   734.06
  473.04,   225.56,   598.53
  474.74,   228.24,   723.70
  476.61,   231.32,   849.35
  473.20,   349.44,   594.00
  474.87,   353.32,   718.46
  476.24,   357.33,   844.44
  473.98,   473.63,   590.09
  475.28,   478.28,   715.05
  475.76,   482.90,   840.96
  598.98,   224.88,   597.74
  599.42,   228.31,   723.01
  599.61,   232.08,   847.11
  599.36,   349.40,   593.43
  600.72,   352.85,   718.03
  601.75,   356.39,   842.94
  599.88,   473.96,   590.15
  601.57,   477.72,   714.42
  602.93,   481.30,   839.40
  724.69,   223.92,   596.34
  723.56,   228.50,   722.07
  722.61,   232.40,   846.10
  725.52,   349.00,   593.48
  726.25,   352.16,   718.80
  726.60,   355.35,   842.41
  725.56,   474.27,   591.54
  727.63,   476.69,   715.40
  729.21,   479.62,   838.48
  474.51,   352.43,   100.49
  471.74,   353.41,   226.15
  467.31,   354.28,   351.01
  474.24,   477.19,    99.97
  471.44,   478.35,   225.63
  467.62,   479.02,   349.20
  474.87,   601.81,    99.04
  472.00,   603.39,   224.27
  468.18,   604.34,   347.08
  599.31,   351.74,   103.89
  596.75,   353.06,   228.72
  593.00,   354.18,   353.78
  599.57,   476.51,   102.98
  596.77,   477.85,   228.09
  592.91,   479.20,   352.41
  600.34,   601.80,   101.51
  596.84,   603.10,   226.69
  592.80,   603.95,   350.86
  724.19,   350.96,   107.12
  721.84,   353.06,   230.60
  718.68,   354.19,   355.83
  725.17,   475.88,   105.12
  721.52,   477.71,   229.05
  717.64,   479.71,   355.13
  725.54,   601.40,   103.36
  720.93,   602.79,   228.23
  716.63,   604.37,   354.77
  477.32,   350.82,   225.47
  479.64,   353.34,   350.34
  481.99,   356.13,   474.55
  476.50,   475.73,   223.36
  479.41,   478.07,   346.95
  482.25,   480.45,   470.55
  476.52,   600.76,   220.41
  479.42,   603.31,   343.24
  482.36,   605.82,   466.73
  602.31,   350.90,   221.28
  605.36,   353.65,   346.28
  608.15,   356.57,   471.11
  601.83,   475.64,   219.04
  604.68,   478.69,   343.38
  607.74,   481.43,   468.06
  601.39,   600.89,   216.04
  603.96,   603.41,   340.34
  607.25,   606.05,   464.64
  727.34,   351.32,   216.57
  731.00,   354.13,   341.57
  734.22,   356.85,   467.41
  726.62,   475.84,   213.24
  729.36,   479.56,   339.15
  732.75,   482.66,   465.97
  725.60,   600.91,   210.67
  727.80,   604.26,   337.24
  731.13,   607.00,   463.59
  476.67,   349.18,   349.88
  478.72,   346.94,   474.17
  481.62,   345.17,   598.13
  473.95,   473.83,   351.57
  476.51,   471.15,   475.28
  479.59,   469.38,   599.61
  471.51,   599.06,   352.90
  474.21,   596.47,   476.56
  477.40,   594.61,   602.16
  602.36,   352.03,   346.15
  604.87,   349.87,   470.98
  607.76,   347.93,   595.51
  599.24,   477.03,   348.38
  602.05,   474.67,   473.03
  605.48,   472.53,   597.65
  596.12,   601.72,   350.38
  599.20,   599.31,   474.68
  602.98,   597.64,   599.96
  727.97,   355.08,   341.76
  730.95,   352.68,   467.55
  733.84,   350.36,   593.49
  723.91,   480.49,   344.56
  727.11,   478.45,   471.27
  731.09,   475.62,   596.99
  719.94,   605.13,   347.81
  723.17,   602.80,   473.99
  727.63,   600.69,   599.02
  474.77,   348.35,   473.37
  474.27,   346.82,   597.37
  474.71,   345.58,   721.96
  476.05,   472.61,   474.16
  475.73,   471.08,   598.54
  475.79,   470.68,   723.51
  477.21,   597.97,   475.14
  477.01,   596.36,   600.77
  476.67,   595.59,   727.56
  600.96,   347.79,   473.51
  600.43,   346.12,   598.02
  600.50,   344.48,   722.75
  601.64,   472.62,   475.23
  601.67,   470.72,   599.82
  602.10,   469.37,   724.07
  602.25,   597.31,   476.63
  602.67,   595.88,   601.89
  602.95,   595.04,   727.15
  727.15,   347.02,   473.39
  726.58,   345.02,   599.31
  725.91,   343.20,   724.65
  726.86,   472.85,   476.81
  727.41,   470.26,   602.44
  728.18,   467.56,   726.23
  726.34,   597.33,   479.30
  727.49,   595.42,   604.27
  728.71,   594.06,   727.24
  475.03,   351.52,   599.72
  475.45,   348.56,   724.29
  475.56,   345.62,   850.42
  473.42,   475.76,   602.69
  473.43,   473.64,   727.69
  472.50,   471.27,   853.67
  471.60,   601.04,   606.79
  471.18,   598.48,   733.62
  469.93,   595.99,   859.08
  601.18,   353.87,   600.48
  601.26,   350.48,   725.14
  600.82,   347.22,   850.03
  599.35,   478.44,   604.02
  599.76,   475.37,   728.27
  599.69,   472.02,   853.41
  597.28,   603.60,   607.88
  597.46,   601.02,   733.23
  596.94,   597.74,   857.84
  727.30,   355.88,   602.02
  726.73,   352.17,   727.18
  725.57,   348.60,   850.66
  725.04,   481.03,   606.80
  725.85,   476.62,   730.40
  725.93,   472.79,   853.56
  722.05,   606.17,   610.13
  723.18,   603.23,   733.06
  723.40,   599.36,   856.13
  475.88,   473.84,   100.58
  477.89,   473.00,   226.28
  478.86,   471.74,   349.96
  474.29,   598.48,   101.71
  476.18,   598.05,   226.91
  477.14,   596.97,   349.81
  472.85,   722.52,   102.34
  474.62,   722.72,   226.67
  475.46,   722.48,   349.42
  601.18,   475.34,    98.79
  603.23,   474.72,   223.87
  604.18,   474.16,   348.30
  599.74,   600.62,    99.33
  601.04,   599.96,   224.52
  601.74,   598.89,   348.85
  598.44,   726.21,    99.94
  599.20,   725.49,   224.40
  600.01,   723.51,   348.75
  726.86,   476.89,    96.43
  728.00,   476.75,   220.01
  728.90,   476.85,   346.08
  725.07,   602.45,    96.59
  725.21,   601.84,   221.19
  725.60,   601.56,   347.83
  723.30,   728.25,    97.94
  722.92,   727.48,   222.52
  723.73,   725.45,   348.98
  473.35,   474.94,   224.79
  472.45,   473.96,   348.46
  471.49,   473.03,   472.19
  475.75,   599.97,   225.11
  474.84,   599.21,   348.01
  474.00,   598.41,   471.63
  478.27,   724.64,   224.54
  477.25,   724.69,   347.32
  476.46,   724.67,   471.57
  598.72,   472.55,   224.30
  597.80,   472.27,   348.70
  597.06,   471.67,   473.36
  600.61,   597.78,   224.58
  599.46,   597.03,   348.89
  599.03,   596.38,   473.22
  602.80,   723.33,   224.11
  601.75,   721.64,   348.51
  601.41,   721.16,   473.18
  723.54,   470.52,   222.31
  722.61,   470.86,   348.32
  722.29,   470.56,   475.03
  724.80,   595.57,   223.08
  723.36,   595.63,   349.71
  723.13,   595.08,   476.00
  726.51,   721.16,   224.09
  725.44,   719.54,   350.59
  724.91,   718.55,   475.82
  474.25,   472.93,   352.32
  471.80,   473.92,   476.02
  469.87,   475.85,   600.42
  473.89,   598.20,   349.95
  471.56,   599.33,   473.57
  469.71,   601.16,   599.21
  473.56,   723.72,   347.37
  471.27,   725.65,   471.58
  469.30,   727.43,   598.65
  599.59,   474.03,   354.06
  597.38,   475.32,   478.71
  595.78,   476.90,   603.24
  598.52,   598.78,   352.32
  596.62,   600.04,   476.60
  595.38,   602.09,   601.88
  598.11,   723.42,   349.99
  596.29,   724.91,   474.62
  594.60,   727.81,   600.73
  724.35,   475.45,   355.32
  722.58,   477.00,   482.04
  721.52,   477.87,   607.52
  722.38,   600.14,   354.76
  720.71,   601.43,   480.91
  720.16,   603.05,   605.77
  721.83,   724.00,   353.59
  719.85,   724.94,   478.69
  718.29,   728.16,   602.83
  475.72,   474.42,   473.37
  474.32,   476.55,   597.75
  473.27,   479.85,   722.81
  476.65,   599.79,   470.68
  475.36,   601.87,   596.28
  473.92,   604.71,   723.25
  477.54,   726.05,   468.45
  476.14,   728.13,   595.46
  474.47,   729.70,   723.94
  601.29,   474.66,   475.55
  600.25,   476.45,   600.12
  599.59,   478.83,   724.40
  601.67,   599.35,   473.25
  600.99,   601.61,   598.50
  600.13,   604.51,   723.92
  602.49,   724.12,   471.04
  601.36,   727.28,   597.02
  599.73,   730.42,   723.30
  726.49,   475.15,   478.28
  725.96,   476.25,   603.88
  725.69,   477.30,   727.55
  725.73,   599.61,   477.02
  725.74,   601.40,   601.95
  725.81,   603.92,   724.91
  725.99,   723.06,   474.63
  725.00,   726.42,   598.75
  724.05,   730.76,   721.38
  474.53,   472.66,   599.60
  475.10,   473.11,   724.62
  474.76,   473.37,   850.63
  472.80,   597.94,   601.01
  472.97,   598.00,   727.88
  472.30,   598.11,   853.57
  470.80,   724.17,   603.16
  470.73,   722.86,   731.59
  470.86,   721.98,   856.79
  600.46,   475.28,   600.38
  601.42,   474.79,   724.67
  601.94,   474.06,   849.80
  598.46,   600.44,   601.58
  599.21,   600.47,   726.99
  599.27,   599.86,   851.66
  596.08,   726.17,   603.03
  596.06,   726.37,   729.38
  595.93,   725.92,   854.09
  726.15,   477.83,   602.56
  727.50,   476.00,   726.28
  728.19,   474.75,   849.46
  723.20,   602.96,   603.39
  724.89,   602.61,   726.41
  725.68,   601.48,   849.36
  719.76,   728.06,   603.00
  720.40,   729.49,   725.74
  720.91,   728.79,   849.97
  476.59,   601.37,   101.96
  475.15,   601.93,   227.13
  472.78,   601.86,   349.99
  480.20,   725.43,   101.59
  478.63,   726.59,   225.92
  476.15,   727.34,   348.68
  483.26,   849.87,   100.81
  481.39,   851.59,   224.87
  479.30,   852.91,   348.68
  602.01,   598.50,   102.90
  599.96,   598.79,   228.09
  597.37,   598.69,   352.36
  605.74,   724.15,   102.47
  603.11,   724.30,   226.97
  600.64,   723.29,   351.34
  609.24,   849.96,   102.07
  606.68,   850.24,   226.07
  604.79,   848.79,   350.84
  727.22,   595.22,   103.28
  724.08,   595.64,   228.13
  721.23,   596.35,   354.74
  730.36,   720.87,   103.66
  726.77,   721.17,   228.50
  724.29,   720.20,   354.94
  733.12,   848.23,   103.20
  729.96,   846.02,   229.06
  729.27,   844.43,   354.32
  477.49,   602.26,   227.18
  477.01,   602.62,   350.06
  476.62,   602.97,   473.72
  476.18,   726.92,   225.50
  475.60,   728.14,   348.26
  475.26,   729.29,   472.55
  474.11,   851.82,   223.98
  473.93,   853.75,   347.79
  473.88,   855.18,   472.51
  602.33,   603.90,   226.19
  601.60,   604.23,   350.53
  601.64,   604.72,   474.89
  600.76,   729.46,   224.62
  600.16,   728.88,   348.98
  600.26,   729.54,   473.69
  599.54,   855.41,   223.24
  599.53,   854.51,   348.00
  599.58,   854.67,   473.27
  726.46,   605.54,   224.35
  725.44,   606.63,   351.04
  725.64,   607.14,   477.26
  724.46,   731.15,   224.24
  723.91,   730.49,   350.66
  723.79,   730.59,   475.83
  722.89,   856.06,   224.29
  724.29,   854.86,   349.40
  723.60,   855.15,   474.66
  474.59,   597.81,   351.23
  477.58,   593.49,   474.83
  481.08,   589.93,   600.29
  476.60,   723.27,   353.93
  479.66,   719.67,   478.23
  483.07,   716.06,   605.26
  478.45,   848.88,   357.93
  481.80,   845.58,   482.65
  485.07,   841.68,   609.53
  599.19,   596.13,   348.31
  602.56,   592.02,   472.61
  606.65,   588.57,   597.77
  601.10,   720.66,   351.34
  604.54,   716.71,   475.98
  608.21,   714.19,   601.84
  603.90,   846.08,   354.87
  607.25,   841.73,   480.09
  609.87,   839.12,   605.63
  723.07,   595.20,   345.20
  726.60,   591.24,   471.48
  731.39,   587.28,   596.59
  724.76,   719.08,   349.56
  727.97,   714.63,   474.78
  731.87,   712.26,   598.95
  728.38,   843.23,   353.04
  730.90,   838.91,   478.14
  732.66,   836.70,   601.40
  473.68,   599.34,   471.42
  476.69,   599.26,   597.00
  479.60,   600.01,   723.84
  476.53,   725.60,   471.28
  479.45,   725.50,   598.33
  482.10,   725.04,   726.72
  479.42,   851.46,   472.25
  482.25,   851.08,   598.89
  485.04,   849.95,   726.36
  598.65,   596.92,   469.66
  602.25,   597.00,   594.92
  605.77,   597.73,   720.22
  601.43,   721.67,   469.53
  604.59,   722.65,   595.49
  607.31,   723.71,   721.55
  604.95,   846.74,   470.15
  607.17,   847.45,   595.70
  608.78,   848.44,   721.29
  722.67,   595.25,   469.04
  726.92,   594.83,   594.20
  731.39,   595.02,   717.30
  724.89,   718.68,   468.85
  728.19,   719.76,   593.11
  731.69,   721.95,   715.70
  728.75,   843.04,   468.77
  729.97,   844.10,   592.25
  731.68,   846.01,   715.30
  477.03,   600.29,   597.48
  478.98,   598.50,   724.27
  480.11,   596.80,   849.93
  479.69,   726.50,   601.44
  481.38,   723.49,   729.77
  483.17,   720.87,   854.92
  482.39,   852.01,   604.57
  484.23,   848.33,   732.05
  486.64,   844.90,   857.01
  602.62,   598.17,   596.30
  605.18,   596.35,   721.55
  607.12,   593.90,   846.08
  604.85,   723.83,   599.45
  606.63,   722.32,   725.48
  608.29,   720.07,   850.06
  607.28,   848.61,   602.19
  607.95,   847.07,   727.84
  609.49,   844.98,   853.43
  727.32,   596.13,   596.45
  730.85,   593.76,   719.51
  733.52,   590.82,   842.24
  728.48,   721.11,   597.85
  731.07,   720.74,   720.42
  733.44,   718.24,   844.10
  730.06,   845.44,   599.47
  730.90,   844.87,   722.66
  732.77,   843.50,   850.69
  598.38,   101.62,   101.05
  597.74,   101.03,   225.22
  597.75,   100.18,   350.19
  601.31,   227.13,   100.78
  601.22,   226.45,   225.28
  600.68,   225.10,   350.89
  603.10,   351.56,   101.78
  603.72,   350.81,   226.56
  603.20,   349.82,   351.67
  722.64,    98.77,   100.96
  721.84,    99.17,   224.67
  722.93,    97.86,   351.20
  725.06,   224.00,   101.22
  725.88,   224.11,   225.34
  726.73,   222.30,   350.14
  727.95,   348.44,   101.98
  728.83,   348.58,   225.36
  728.93,   347.56,   350.53
  847.07,    95.40,   100.55
  846.81,    97.09,   225.31
  848.15,    95.55,   351.93
  850.37,   221.27,   102.46
  852.22,   222.57,   226.93
  852.90,   220.25,   351.06
  853.11,   346.05,   101.95
  854.31,   347.02,   226.04
  854.43,   345.88,   351.03
  600.78,    99.84,   223.76
  598.06,    99.62,   348.68
  595.49,    99.65,   474.87
  599.73,   225.28,   223.12
  596.40,   224.58,   348.72
  592.85,   224.57,   473.94
  597.64,   349.64,   223.76
  594.31,   349.28,   348.86
  590.67,   349.10,   473.66
  724.94,   102.57,   225.96
  723.32,   101.85,   352.43
  720.92,   101.66,   478.90
  724.38,   227.48,   225.94
  722.39,   226.33,   350.70
  719.18,   225.65,   475.81
  722.69,   351.94,   225.31
  719.97,   351.59,   350.49
  716.81,   351.22,   476.28
  850.23,   105.13,   229.64
  848.74,   104.03,   355.92
  845.50,   103.14,   480.97
  850.75,   230.51,   230.22
  848.60,   228.83,   354.24
  844.91,   227.49,   478.81
  848.07,   354.91,   228.50
  845.40,   354.46,   353.55
  842.43,   353.41,   479.40
  599.26,    98.19,   350.02
  601.99,    97.67,   476.31
  603.37,    97.11,   601.28
  600.97,   223.15,   350.58
  602.76,   222.55,   475.79
  604.44,   222.07,   601.08
  602.26,   347.88,   351.25
  603.96,   347.17,   476.10
  606.05,   346.67,   600.65
  724.40,    97.13,   348.52
  727.38,    96.46,   475.26
  727.43,    95.37,   598.54
  727.01,   221.60,   347.37
  729.13,   220.29,   472.43
  730.05,   219.98,   598.29
  727.99,   346.86,   347.62
  730.13,   345.88,   473.40
  732.15,   345.06,   599.38
  849.64,    96.08,   346.74
  851.88,    94.61,   472.04
  851.54,    93.93,   595.07
  853.19,   220.85,   345.85
  854.78,   218.90,   470.43
  854.98,   219.00,   595.33
  853.49,   346.45,   345.63
  855.69,   344.79,   471.29
  857.88,   343.34,   597.22
  602.84,    98.71,   476.03
  604.34,   101.77,   601.00
  605.06,   105.15,   725.40
  604.60,   223.51,   471.82
  606.44,   226.68,   597.02
  608.29,   229.91,   722.31
  606.78,   348.10,   468.50
  609.01,   351.22,   593.03
  611.84,   354.38,   717.68
  728.22,    96.47,   474.89
  728.45,    98.99,   598.10
  727.93,   102.28,   721.18
  730.97,   220.24,   468.36
  732.10,   223.55,   594.16
  732.38,   227.93,   719.89
  732.91,   345.81,   465.63
  735.10,   348.63,   591.63
  737.29,   351.50,   717.02
  852.68,    93.61,   471.59
  852.54,    96.58,   594.57
  851.61,   100.74,   717.74
  856.58,   217.86,   466.34
  857.02,   221.53,   591.17
  857.25,   226.87,   716.02
  858.42,   343.75,   463.45
  860.79,   345.90,   589.35
  863.23,   348.41,   714.61
  600.48,   101.36,   602.60
  601.51,   105.03,   727.05
  603.96,   108.16,   853.19
  599.22,   226.31,   598.44
  601.41,   229.77,   723.68
  603.28,   233.59,   847.73
  598.42,   350.82,   594.13
  601.56,   354.29,   718.71
  604.33,   357.85,   843.59
  724.62,   101.84,   599.37
  724.38,   105.51,   722.60
  727.26,   110.00,   849.76
  724.93,   226.47,   595.26
  725.58,   231.06,   720.97
  726.38,   235.01,   845.00
  724.56,   351.56,   592.43
  727.08,   354.71,   717.72
  729.23,   357.89,   841.31
  848.74,   102.77,   595.49
  847.96,   107.37,   718.75
  850.73,   111.31,   846.11
  850.03,   227.62,   591.91
  850.57,   233.13,   716.89
  852.89,   237.15,   841.95
  850.36,   352.10,   589.99
  853.09,   354.77,   715.28
  856.30,   357.73,   839.09
  599.97,   224.39,    98.63
  602.78,   225.35,   223.03
  605.19,   225.57,   348.58
  602.62,   348.82,    97.91
  606.21,   349.68,   222.61
  608.66,   350.29,   347.67
  606.09,   473.53,    97.35
  609.43,   474.38,   222.34
  611.65,   475.33,   346.81
  723.71,   220.17,    96.25
  727.32,   222.09,   220.26
  731.19,   221.88,   345.00
  727.36,   344.65,    95.40
  731.24,   346.50,   218.60
  734.32,   347.11,   343.63
  731.70,   469.63,    93.85
  734.17,   471.02,   217.19
  736.35,   472.59,   343.25
  848.77,   216.22,    94.52
  853.56,   219.60,   219.03
  857.25,   218.96,   343.18
  852.43,   341.13,    92.51
  856.67,   343.98,   216.50
  859.76,   344.55,   341.41
  856.52,   466.48,    90.45
  858.47,   468.26,   214.05
  860.88,   469.97,   340.61
  600.14,   225.96,   225.66
  599.25,   223.70,   351.26
  598.19,   222.11,   476.50
  599.88,   350.34,   227.90
  599.00,   348.41,   353.00
  597.85,   346.68,   477.84
  599.40,   475.11,   230.29
  598.37,   473.44,   354.69
  597.57,   471.46,   479.36
  724.83,   226.35,   226.05
  725.32,   223.62,   350.84
  724.57,   221.33,   475.96
  725.01,   350.82,   227.01
  724.75,   348.89,   352.20
  724.06,   346.90,   478.00
  724.19,   475.44,   228.44
  723.17,   474.42,   354.54
  722.82,   472.70,   481.23
  851.22,   227.55,   227.94
  851.54,   224.30,   352.04
  850.28,   221.38,   476.64
  850.46,   351.97,   227.87
  850.26,   349.93,   352.94
  849.69,   347.25,   478.69
  848.50,   476.37,   228.19
  847.75,   475.49,   355.07
  848.17,   473.35,   482.29
  601.88,   223.46,   350.91
  600.01,   219.72,   476.11
  598.05,   216.07,   601.41
  600.82,   348.14,   354.80
  598.85,   344.25,   479.60
  597.29,   340.60,   604.04
  599.36,   473.11,   358.63
  597.77,   468.97,   483.27
  596.74,   465.13,   607.72
  727.96,   224.16,   351.33
  726.38,   219.70,   476.41
  723.62,   216.26,   602.28
  726.56,   349.38,   354.86
  725.06,   345.22,   480.61
  723.41,   341.25,   606.43
  724.15,   474.89,   359.41
  723.04,   470.96,   486.02
  722.55,   466.36,   611.41
  854.13,   225.61,   353.41
  852.03,   220.54,   477.96
  848.55,   217.54,   602.89
  852.03,   351.19,   356.48
  850.67,   346.32,   482.16
  849.22,   341.76,   608.07
  848.72,   476.72,   360.85
  848.42,   472.34,   487.95
  848.63,   466.60,   613.70
  602.27,   225.37,   476.22
  599.19,   225.06,   601.49
  596.20,   224.72,   726.81
  601.98,   349.99,   476.44
  599.28,   349.63,   600.92
  597.21,   349.32,   725.58
  601.68,   474.82,   476.84
  599.54,   474.25,   601.39
  597.78,   474.26,   725.64
  728.63,   224.57,   477.62
  724.79,   224.47,   603.56
  720.15,   225.30,   729.24
  728.12,   350.21,   478.59
  725.40,   349.53,   604.49
  722.63,   348.97,   729.68
  726.86,   476.04,   480.68
  725.27,   474.75,   606.21
  723.88,   473.44,   729.86
  854.22,   224.65,   480.33
  849.73,   224.96,   605.31
  844.94,   226.72,   730.35
  853.69,   350.53,   481.27
  851.21,   349.19,   607.25
  848.63,   348.31,   732.40
  852.23,   476.61,   483.67
  851.34,   474.22,   609.52
  849.89,   471.53,   733.68
  600.17,   227.11,   600.12
  598.15,   227.92,   725.45
  595.89,   229.04,   849.61
  599.40,   351.68,   598.43
  598.30,   352.50,   723.08
  596.78,   353.46,   848.04
  598.79,   476.29,   597.76
  597.99,   477.45,   722.04
  596.76,   478.39,   847.19
  725.83,   227.38,   601.22
  722.21,   229.34,   726.96
  718.81,   230.52,   850.95
  725.54,   352.47,   601.04
  723.79,   352.99,   726.26
  721.57,   353.60,   849.80
  724.49,   477.71,   601.63
  724.09,   477.55,   725.33
  723.08,   477.94,   848.53
  850.84,   228.70,   602.06
  847.13,   231.56,   727.13
  845.22,   232.58,   852.23
  851.38,   353.00,   602.87
  849.83,   353.12,   728.07
  848.75,   353.54,   851.75
  850.53,   478.15,   604.00
  850.11,   476.56,   728.20
  848.58,   477.36,   850.95
  598.45,   350.20,   101.72
  599.40,   352.74,   226.54
  599.19,   355.08,   351.61
  599.81,   474.93,    99.57
  600.55,   477.50,   224.67
  600.18,   480.10,   349.05
  601.71,   600.18,    96.85
  601.73,   602.73,   222.04
  601.13,   604.82,   346.36
  723.31,   348.19,   101.64
  724.51,   351.60,   225.01
  724.89,   353.96,   350.17
  725.48,   473.11,    98.48
  725.35,   476.18,   222.13
  724.92,   479.44,   348.20
  727.08,   598.64,    95.47
  725.91,   601.23,   220.02
  724.99,   604.12,   346.67
  848.47,   346.85,   101.34
  849.96,   351.12,   225.24
  850.37,   353.39,   350.26
  850.39,   471.97,    97.58
  849.68,   475.46,   221.26
  849.46,   478.89,   348.05
  851.66,   596.19,    95.72
  850.14,   600.23,   219.31
  849.05,   603.63,   346.51
  602.12,   349.54,   223.43
  603.58,   346.26,   348.48
  604.75,   343.16,   473.32
  602.02,   474.27,   227.18
  603.30,   471.28,   351.56
  604.79,   467.98,   476.29
  601.90,   599.47,   230.21
  602.94,   595.99,   354.49
  604.75,   592.65,   478.89
  727.21,   349.69,   220.30
  729.30,   346.41,   345.37
  730.94,   343.02,   471.09
  726.82,   474.26,   223.01
  728.09,   471.91,   349.02
  730.01,   468.88,   475.75
  726.07,   599.32,   226.60
  726.83,   596.64,   353.20
  728.84,   593.38,   479.51
  852.64,   350.50,   218.95
  854.80,   347.19,   343.94
  856.50,   343.12,   469.54
  851.14,   474.83,   220.53
  852.65,   472.64,   347.25
  855.35,   469.18,   474.35
  850.28,   599.65,   224.21
  850.91,   597.42,   351.39
  853.63,   593.98,   478.66
  601.66,   349.85,   350.73
  601.68,   346.50,   475.56
  602.09,   343.38,   600.06
  603.08,   474.86,   354.03
  603.46,   471.28,   478.75
  604.43,   467.95,   603.31
  604.43,   599.53,   357.20
  605.15,   595.94,   481.62
  606.51,   593.07,   606.86
  727.38,   348.28,   348.72
  727.87,   344.64,   474.46
  728.21,   341.20,   600.36
  727.87,   473.77,   352.65
  728.69,   470.45,   479.37
  730.17,   466.38,   604.96
  728.31,   598.48,   357.09
  729.24,   594.93,   483.37
  731.37,   591.53,   608.28
  852.90,   347.28,   348.32
  853.47,   342.95,   473.95
  853.95,   338.92,   599.84
  852.47,   472.77,   351.99
  854.07,   469.00,   479.08
  856.23,   463.80,   604.93
  852.41,   597.52,   356.40
  854.09,   593.80,   483.62
  856.98,   589.70,   608.69
  598.87,   350.50,   476.37
  602.51,   349.74,   600.82
  606.71,   349.01,   725.53
  601.22,   475.31,   477.08
  605.39,   474.36,   601.69
  609.97,   473.89,   725.93
  603.47,   600.00,   477.50
  607.99,   599.53,   602.79
  612.39,   599.63,   727.93
  725.00,   348.15,   472.16
  728.56,   347.06,   598.05
  732.03,   346.09,   723.38
  726.34,   473.96,   474.56
  731.00,   472.30,   600.25
  735.92,   470.43,   724.05
  727.44,   598.43,   476.07
  732.65,   597.43,   601.10
  738.02,   596.99,   723.99
  850.55,   345.94,   468.46
  854.26,   344.22,   594.40
  857.93,   343.00,   719.59
  851.58,   472.04,   471.12
  856.95,   469.30,   597.05
  861.76,   465.99,   721.47
  852.07,   596.82,   473.18
  858.11,   595.18,   598.38
  863.01,   593.46,   721.73
  598.73,   348.83,   600.93
  598.55,   348.82,   725.64
  597.88,   348.96,   850.58
  597.40,   473.42,   601.06
  597.54,   473.76,   725.36
  597.21,   473.84,   850.56
  595.85,   598.59,   601.47
  595.78,   599.41,   726.92
  594.98,   599.63,   851.67
  724.86,   350.31,   602.62
  724.00,   350.04,   727.87
  722.63,   349.83,   851.39
  723.13,   475.53,   604.01
  723.63,   474.54,   727.73
  723.50,   474.10,   850.96
  720.64,   600.69,   604.08
  721.49,   601.12,   727.13
  721.45,   600.78,   850.14
  850.71,   351.57,   603.53
  850.05,   350.91,   728.72
  849.91,   350.54,   852.43
  849.16,   476.69,   605.51
  849.66,   474.27,   729.70
  849.05,   474.25,   852.48
  846.03,   602.62,   605.96
  846.78,   602.00,   728.85
  845.83,   602.34,   851.16
  600.71,   473.91,   101.91
  597.90,   477.46,   226.98
  594.00,   481.01,   351.27
  604.45,   599.10,    98.27
  600.93,   602.63,   223.43
  596.83,   605.69,   347.64
  608.37,   724.71,    94.75
  604.28,   728.17,   219.17
  600.31,   730.32,   343.46
  726.27,   470.35,   104.25
  722.62,   474.41,   228.05
  718.69,   478.61,   354.09
  729.67,   595.77,   100.35
  725.00,   599.39,   225.03
  720.62,   603.23,   351.60
  733.04,   721.28,    97.71
  727.88,   724.92,   222.22
  723.94,   727.09,   348.59
  851.02,   467.47,   106.86
  846.88,   471.99,   230.73
  843.22,   476.31,   357.54
  854.12,   591.73,   104.01
  849.09,   596.73,   227.87
  844.59,   601.03,   355.16
  856.31,   714.72,   101.91
  852.37,   721.34,   226.67
  847.79,   724.96,   352.66
  601.76,   474.29,   226.59
  601.62,   474.40,   351.02
  601.70,   474.20,   475.74
  597.90,   599.48,   226.57
  597.54,   599.09,   350.83
  597.91,   598.84,   475.15
  594.40,   724.94,   225.74
  594.14,   723.71,   349.99
  594.58,   723.67,   474.66
  726.48,   478.01,   223.82
  726.30,   478.78,   349.94
  726.80,   478.87,   476.73
  722.01,   603.05,   224.34
  721.36,   603.40,   350.95
  721.92,   603.20,   477.15
  718.08,   728.66,   224.91
  717.87,   727.23,   351.28
  718.14,   726.64,   476.45
  850.69,   482.32,   222.70
  850.71,   483.26,   349.59
  852.02,   482.95,   476.90
  846.18,   607.09,   223.37
  845.32,   607.94,   350.64
  846.42,   607.58,   477.93
  842.51,   731.74,   225.59
  841.79,   731.84,   351.70
  841.49,   731.13,   477.15
  601.65,   475.95,   350.56
  600.15,   476.23,   475.26
  599.27,   476.76,   599.85
  604.15,   600.67,   349.91
  602.97,   600.92,   474.28
  602.46,   601.92,   599.55
  607.32,   725.24,   348.71
  606.22,   725.64,   473.40
  605.24,   727.57,   599.37
  726.41,   473.71,   351.05
  725.33,   474.28,   477.81
  724.96,   474.11,   603.42
  728.00,   598.45,   351.59
  727.00,   598.74,   477.90
  727.20,   599.25,   602.85
  730.97,   722.31,   351.64
  729.64,   722.18,   476.84
  728.85,   724.29,   600.93
  851.00,   471.57,   352.30
  850.68,   471.70,   479.50
  850.99,   470.45,   605.46
  852.06,   596.36,   352.80
  851.77,   596.51,   480.13
  852.73,   596.37,   605.27
  854.92,   720.38,   353.22
  853.24,   720.21,   478.87
  853.12,   722.41,   603.29
  600.19,   472.60,   474.20
  601.35,   472.41,   598.82
  602.93,   472.77,   723.10
  600.58,   597.31,   473.88
  602.12,   597.57,   599.16
  603.53,   598.46,   724.49
  601.41,   722.11,   473.64
  602.49,   723.27,   599.66
  603.12,   724.43,   725.85
  725.39,   473.07,   474.63
  727.07,   472.19,   600.33
  729.00,   471.19,   724.14
  724.66,   597.56,   475.40
  726.88,   597.34,   600.44
  729.23,   597.74,   723.46
  724.92,   721.03,   475.01
  726.17,   722.39,   599.20
  727.53,   724.71,   721.82
  850.71,   472.96,   474.25
  853.11,   471.01,   600.24
  855.00,   468.58,   724.61
  849.34,   597.76,   475.59
  852.38,   596.92,   600.79
  854.48,   596.14,   723.95
  848.48,   721.42,   475.09
  850.38,   722.82,   599.48
  851.88,   725.29,   722.18
  601.31,   474.95,   600.12
  599.62,   473.25,   724.33
  597.49,   471.34,   849.45
  600.15,   600.11,   602.51
  598.28,   598.91,   727.84
  595.68,   597.09,   852.52
  598.59,   725.85,   605.15
  595.97,   724.82,   731.44
  593.23,   723.10,   856.14
  727.01,   476.59,   604.90
  725.71,   473.57,   728.53
  723.72,   471.15,   851.70
  724.92,   601.76,   606.92
  724.00,   600.16,   729.85
  722.14,   597.75,   852.87
  722.26,   726.94,   607.68
  720.35,   727.10,   730.35
  718.27,   725.03,   854.72
  853.07,   477.21,   608.12
  851.71,   472.80,   732.27
  849.28,   470.88,   855.01
  850.38,   603.22,   610.53
  849.24,   600.53,   733.40
  846.46,   598.90,   855.69
  846.39,   729.31,   611.07
  844.69,   729.61,   733.44
  842.62,   726.46,   856.80
  602.31,   599.45,   101.55
  600.94,   599.61,   226.75
  599.03,   599.38,   351.05
  599.24,   725.00,   101.25
  597.38,   725.09,   225.74
  595.58,   723.99,   350.02
  595.94,   850.55,   100.95
  594.16,   850.98,   224.88
  592.89,   849.58,   349.54
  727.53,   602.98,   101.30
  725.02,   603.25,   226.10
  722.83,   603.76,   352.75
  723.98,   728.77,   101.78
  721.04,   728.82,   226.52
  719.29,   727.56,   352.88
  720.08,   856.16,   101.26
  717.59,   853.76,   226.99
  717.64,   851.94,   352.16
  851.97,   605.55,   102.84
  849.15,   607.40,   226.76
  846.79,   608.35,   354.04
  847.28,   728.95,   103.67
  845.50,   732.02,   228.78
  843.19,   732.23,   354.83
  844.08,   857.47,   101.81
  841.82,   856.06,   230.05
  841.64,   855.99,   354.64
  601.46,   601.03,   223.75
  601.73,   597.36,   348.06
  602.74,   593.82,   472.40
  599.58,   726.50,   226.22
  599.96,   721.91,   350.55
  601.04,   718.55,   475.21
  598.09,   852.36,   228.86
  599.04,   847.40,   353.55
  600.03,   843.67,   478.77
  725.62,   602.94,   220.90
  725.60,   600.06,   347.49
  726.79,   596.63,   473.78
  723.29,   728.52,   224.87
  723.69,   723.88,   351.26
  724.56,   720.02,   476.45
  721.53,   853.35,   228.93
  723.70,   848.13,   354.12
  723.89,   844.40,   479.30
  849.83,   605.31,   219.39
  849.63,   602.93,   346.49
  851.45,   599.34,   473.79
  847.83,   729.99,   224.96
  847.67,   726.89,   350.89
  848.09,   722.94,   476.41
  845.92,   854.08,   229.78
  847.68,   850.69,   354.37
  846.89,   847.82,   478.39
  598.04,   601.02,   349.96
  596.94,   604.08,   474.20
  596.50,   607.96,   599.48
  601.99,   725.59,   345.92
  600.98,   728.80,   470.52
  600.07,   733.54,   596.52
  606.80,   851.10,   342.36
  605.76,   853.76,   467.59
  603.98,   858.05,   592.98
  721.89,   598.03,   351.64
  720.97,   601.12,   477.80
  721.20,   604.53,   602.68
  725.63,   721.88,   348.79
  724.43,   724.52,   473.94
  723.65,   729.45,   598.03
  731.26,   846.08,   345.13
  729.57,   848.89,   470.27
  726.72,   853.53,   593.70
  845.92,   595.24,   352.87
  845.60,   598.21,   480.21
  846.62,   600.96,   605.22
  849.53,   719.20,   350.50
  847.90,   721.79,   476.11
  847.77,   726.73,   600.34
  855.14,   843.07,   347.51
  852.44,   846.71,   471.49
  850.18,   851.81,   594.94
  599.29,   597.30,   476.12
  597.66,   596.33,   601.35
  595.85,   595.97,   726.71
  598.54,   722.15,   477.10
  596.47,   722.07,   603.16
  593.94,   721.88,   729.54
  598.47,   847.29,   478.83
  595.48,   846.99,   604.54
  592.03,   846.70,   730.58
  723.37,   599.07,   480.84
  722.47,   597.67,   605.73
  721.60,   596.86,   728.72
  722.07,   722.57,   481.59
  720.19,   722.83,   605.72
  718.37,   723.81,   728.46
  722.32,   847.04,   482.60
  718.37,   847.15,   605.99
  714.87,   847.90,   729.60
  848.06,   600.80,   484.32
  847.95,   598.77,   609.30
  846.93,   596.86,   732.18
  845.56,   724.49,   484.94
  844.34,   724.79,   609.05
  842.77,   725.92,   731.37
  845.22,   849.46,   484.96
  841.77,   849.80,   608.29
  839.59,   850.50,   732.82
  601.90,   599.34,   598.12
  600.71,   599.33,   723.47
  598.81,   598.73,   848.16
  605.23,   724.98,   599.58
  603.29,   725.26,   725.74
  601.21,   724.79,   850.51
  608.77,   849.71,   600.58
  605.78,   849.96,   726.29
  603.64,   849.59,   851.99
  726.65,   596.12,   601.95
  726.40,   595.62,   724.94
  725.25,   594.47,   847.85
  728.85,   721.17,   601.65
  727.71,   722.57,   724.24
  726.29,   721.80,   848.25
  731.47,   845.46,   601.56
  728.65,   846.62,   724.90
  726.81,   847.01,   853.16
  852.19,   592.66,   604.85
  851.72,   590.90,   727.94
  849.59,   590.46,   850.26
  853.16,   718.71,   604.52
  852.07,   720.08,   727.13
  850.49,   718.38,   850.09
  855.12,   844.10,   603.52
  853.54,   845.29,   728.11
  851.72,   843.43,   855.59
