27, 125, pa2-debug-a-output1.txt
  201.69,   190.61,   207.96
  391.14,   391.28,   194.33
   99.24,   101.59,   100.62
   95.56,    97.92,   225.51
   91.88,    94.25,   350.40
   96.08,   226.50,   104.19
   92.40,   222.83,   229.08
   88.73,   219.16,   353.98
   92.92,   351.41,   107.77
   89.24,   347.74,   232.66
   85.57,   344.07,   357.55
  224.14,   104.64,   104.38
  220.47,   100.97,   229.27
  216.79,    97.30,   354.17
  220.98,   229.55,   107.96
  217.31,   225.88,   232.85
  213.63,   222.21,   357.74
  217.83,   354.46,   111.53
  214.15,   350.79,   236.42
  210.47,   347.12,   361.32
  349.05,   107.69,   108.15
  345.37,   104.02,   233.04
  341.69,   100.35,   357.93
  345.89,   232.60,   111.72
  342.21,   228.93,   236.62
  338.54,   225.26,   361.51
  342.73,   357.51,   115.30
  339.06,   353.84,   240.19
  335.38,   350.17,   365.08
   99.42,   100.37,   226.66
   96.81,    99.77,   351.63
   94.21,    99.18,   476.60
  101.54,   225.35,   227.30
   98.94,   224.75,   352.27
   96.33,   224.16,   477.24
  103.66,   350.33,   227.94
  101.06,   349.73,   352.92
   98.45,   349.14,   477.89
  224.37,    98.24,   229.25
  221.77,    97.64,   354.23
  219.16,    97.04,   479.20
  226.50,   223.22,   229.90
  223.89,   222.62,   354.87
  221.29,   222.02,   479.84
  228.62,   348.20,   230.54
  226.01,   347.60,   355.51
  223.41,   347.00,   480.48
  349.33,    96.10,   231.85
  346.72,    95.50,   356.82
  344.12,    94.90,   481.79
  351.45,   221.08,   232.49
  348.85,   220.48,   357.46
  346.24,   219.88,   482.43
  353.57,   346.06,   233.13
  350.97,   345.46,   358.11
  348.36,   344.86,   483.08
  101.39,    98.79,   350.34
  103.04,   100.02,   475.32
  104.69,   101.26,   600.30
  104.46,   223.74,   349.06
  106.11,   224.98,   474.04
  107.76,   226.21,   599.03
  107.52,   348.70,   347.79
  109.17,   349.93,   472.77
  110.82,   351.17,   597.75
  226.34,    95.70,   348.72
  227.99,    96.94,   473.70
  229.64,    98.17,   598.68
  229.41,   220.66,   347.44
  231.06,   221.89,   472.42
  232.71,   223.13,   597.41
  232.47,   345.61,   346.17
  234.12,   346.85,   471.15
  235.77,   348.08,   596.13
  351.29,    92.62,   347.10
  352.94,    93.85,   472.08
  354.59,    95.09,   597.06
  354.36,   217.57,   345.82
  356.01,   218.81,   470.81
  357.66,   220.04,   595.79
  357.43,   342.53,   344.55
  359.08,   343.76,   469.53
  360.73,   345.00,   594.51
  100.24,   101.13,   476.03
   99.62,   100.66,   601.03
   99.00,   100.19,   726.03
   97.96,   226.11,   476.49
   97.34,   225.64,   601.49
   96.71,   225.17,   726.48
   95.67,   351.09,   476.95
   95.05,   350.62,   601.94
   94.43,   350.15,   726.94
  225.22,   103.42,   476.66
  224.60,   102.95,   601.66
  223.98,   102.48,   726.66
  222.93,   228.40,   477.12
  222.31,   227.93,   602.12
  221.69,   227.46,   727.11
  220.65,   353.37,   477.58
  220.03,   352.90,   602.57
  219.41,   352.43,   727.57
  350.20,   105.70,   477.29
  349.58,   105.23,   602.29
  348.96,   104.76,   727.29
  347.91,   230.68,   477.75
  347.29,   230.21,   602.75
  346.67,   229.74,   727.74
  345.63,   355.66,   478.21
  345.00,   355.19,   603.20
  344.38,   354.72,   728.20
  100.98,   100.38,   601.04
  102.45,    99.44,   726.03
  103.93,    98.50,   851.02
   99.62,   225.37,   602.00
  101.10,   224.43,   726.99
  102.57,   223.49,   851.97
   98.26,   350.36,   602.95
   99.74,   349.42,   727.94
  101.22,   348.48,   852.93
  225.96,   101.75,   599.58
  227.44,   100.81,   724.56
  228.92,    99.87,   849.55
  224.60,   226.74,   600.53
  226.08,   225.80,   725.52
  227.56,   224.86,   850.51
  223.24,   351.73,   601.49
  224.72,   350.79,   726.47
  226.20,   349.85,   851.46
  350.94,   103.12,   598.11
  352.42,   102.18,   723.10
  353.90,   101.24,   848.08
  349.58,   228.11,   599.06
  351.06,   227.17,   724.05
  352.54,   226.23,   849.04
  348.23,   353.10,   600.02
  349.70,   352.16,   725.01
  351.18,   351.22,   849.99
  101.59,   224.11,    98.78
   99.71,   222.25,   223.75
   97.84,   220.38,   348.73
  103.02,   349.09,   100.67
  101.15,   347.22,   225.64
   99.27,   345.36,   350.61
  104.46,   474.06,   102.55
  102.58,   472.20,   227.52
  100.71,   470.34,   352.50
  226.56,   222.65,   100.64
  224.69,   220.78,   225.61
  222.81,   218.92,   350.58
  228.00,   347.62,   102.52
  226.12,   345.76,   227.49
  224.25,   343.90,   352.47
  229.44,   472.60,   104.41
  227.56,   470.74,   229.38
  225.68,   468.87,   354.35
  351.54,   221.18,   102.49
  349.67,   219.32,   227.46
  347.79,   217.46,   352.43
  352.98,   346.16,   104.37
  351.10,   344.30,   229.35
  349.23,   342.43,   354.32
  354.41,   471.14,   106.26
  352.54,   469.27,   231.23
  350.66,   467.41,   356.20
  101.81,   223.82,   226.80
  103.03,   225.65,   351.78
  104.26,   227.48,   476.76
  100.40,   348.80,   224.99
  101.63,   350.63,   349.97
  102.86,   352.46,   474.95
   98.99,   473.78,   223.17
  100.22,   475.61,   348.16
  101.45,   477.44,   473.14
  226.79,   225.21,   225.55
  228.02,   227.04,   350.53
  229.25,   228.87,   475.51
  225.38,   350.19,   223.74
  226.61,   352.02,   348.72
  227.84,   353.85,   473.70
  223.98,   475.17,   221.93
  225.21,   477.00,   346.91
  226.44,   478.82,   471.89
  351.78,   226.60,   224.30
  353.01,   228.43,   349.28
  354.23,   230.26,   474.26
  350.37,   351.58,   222.49
  351.60,   353.41,   347.47
  352.83,   355.23,   472.45
  348.96,   476.56,   220.68
  350.19,   478.39,   345.66
  351.42,   480.21,   470.64
   98.18,   223.48,   348.76
   99.89,   222.10,   473.74
  101.60,   220.73,   598.72
  101.19,   348.44,   350.09
  102.90,   347.06,   475.07
  104.62,   345.68,   600.05
  104.21,   473.40,   351.43
  105.92,   472.02,   476.41
  107.63,   470.64,   601.39
  223.13,   220.49,   347.01
  224.84,   219.11,   471.99
  226.56,   217.73,   596.97
  226.15,   345.45,   348.35
  227.86,   344.07,   473.33
  229.57,   342.69,   598.31
  229.16,   470.40,   349.68
  230.87,   469.02,   474.67
  232.58,   467.65,   599.65
  348.09,   217.50,   345.27
  349.80,   216.12,   470.25
  351.51,   214.74,   595.23
  351.10,   342.45,   346.60
  352.81,   341.07,   471.59
  354.52,   339.70,   596.57
  354.11,   467.41,   347.94
  355.82,   466.03,   472.92
  357.53,   464.65,   597.90
   98.65,   224.49,   475.84
   97.52,   228.01,   600.79
   96.40,   231.53,   725.74
   96.61,   349.42,   472.30
   95.49,   352.94,   597.25
   94.37,   356.47,   722.19
   94.58,   474.35,   468.76
   93.46,   477.88,   593.71
   92.33,   481.40,   718.65
  223.63,   226.55,   476.91
  222.50,   230.07,   601.86
  221.38,   233.60,   726.80
  221.59,   351.48,   473.37
  220.47,   355.01,   598.32
  219.34,   358.53,   723.26
  219.56,   476.42,   469.83
  218.43,   479.94,   594.77
  217.31,   483.46,   719.72
  348.60,   228.62,   477.98
  347.48,   232.14,   602.92
  346.36,   235.66,   727.87
  346.57,   353.55,   474.44
  345.45,   357.07,   599.38
  344.32,   360.60,   724.33
  344.54,   478.48,   470.90
  343.41,   482.01,   595.84
  342.29,   485.53,   720.79
  100.26,   225.00,   601.39
  102.82,   226.64,   726.36
  105.37,   228.29,   851.32
   99.38,   349.99,   599.77
  101.94,   351.63,   724.73
  104.50,   353.27,   849.69
   98.51,   474.97,   598.14
  101.07,   476.62,   723.10
  103.62,   478.26,   848.07
  225.23,   225.84,   598.82
  227.79,   227.49,   723.79
  230.34,   229.13,   848.75
  224.35,   350.83,   597.20
  226.91,   352.47,   722.16
  229.47,   354.12,   847.12
  223.48,   475.81,   595.57
  226.04,   477.46,   720.53
  228.60,   479.10,   845.50
  350.20,   226.68,   596.26
  352.76,   228.33,   721.22
  355.31,   229.97,   846.18
  349.33,   351.67,   594.63
  351.88,   353.31,   719.59
  354.44,   354.96,   844.56
  348.45,   476.65,   593.00
  351.01,   478.30,   717.97
  353.57,   479.94,   842.93
  100.46,   348.47,   101.20
   99.93,   346.93,   226.19
   99.41,   345.40,   351.18
  101.34,   473.45,   102.74
  100.81,   471.92,   227.73
  100.28,   470.39,   352.72
  102.21,   598.44,   104.28
  101.69,   596.91,   229.27
  101.16,   595.37,   354.26
  225.46,   347.58,   101.72
  224.93,   346.05,   226.71
  224.40,   344.52,   351.69
  226.33,   472.57,   103.25
  225.81,   471.04,   228.24
  225.28,   469.50,   353.23
  227.21,   597.56,   104.79
  226.68,   596.02,   229.78
  226.16,   594.49,   354.77
  350.45,   346.70,   102.23
  349.93,   345.17,   227.22
  349.40,   343.63,   352.21
  351.33,   471.69,   103.77
  350.80,   470.15,   228.76
  350.27,   468.62,   353.75
  352.20,   596.68,   105.31
  351.68,   595.14,   230.30
  351.15,   593.61,   355.29
   99.16,   348.20,   223.02
   97.51,   346.31,   347.99
   95.86,   344.43,   472.97
  101.12,   473.17,   224.93
   99.47,   471.28,   349.91
   97.82,   469.40,   474.88
  103.08,   598.14,   226.84
  101.43,   596.25,   351.82
   99.78,   594.37,   476.79
  224.13,   346.22,   224.64
  222.48,   344.33,   349.62
  220.83,   342.45,   474.59
  226.09,   471.19,   226.55
  224.44,   469.30,   351.53
  222.79,   467.42,   476.50
  228.05,   596.16,   228.46
  226.40,   594.27,   353.44
  224.75,   592.39,   478.41
  349.11,   344.23,   226.26
  347.46,   342.35,   351.24
  345.81,   340.46,   476.21
  351.07,   469.20,   228.17
  349.42,   467.32,   353.15
  347.77,   465.43,   478.12
  353.03,   594.17,   230.08
  351.38,   592.29,   355.06
  349.72,   590.40,   480.03
  101.65,   350.43,   348.38
  104.30,   349.66,   473.35
  106.96,   348.89,   598.32
  103.52,   475.41,   349.12
  106.18,   474.64,   474.09
  108.84,   473.87,   599.05
  105.39,   600.40,   349.85
  108.05,   599.63,   474.82
  110.71,   598.86,   599.79
  226.60,   348.57,   345.71
  229.26,   347.80,   470.68
  231.92,   347.03,   595.65
  228.48,   473.56,   346.45
  231.13,   472.79,   471.42
  233.79,   472.02,   596.38
  230.35,   598.54,   347.18
  233.01,   597.77,   472.15
  235.67,   597.00,   597.12
  351.56,   346.72,   343.04
  354.22,   345.95,   468.01
  356.88,   345.18,   592.98
  353.43,   471.70,   343.78
  356.09,   470.93,   468.75
  358.75,   470.16,   593.71
  355.31,   596.69,   344.51
  357.96,   595.91,   469.48
  360.62,   595.14,   594.45
  100.72,   350.29,   476.66
  101.83,   349.36,   601.66
  102.93,   348.44,   726.65
   97.00,   475.23,   477.62
   98.11,   474.30,   602.61
   99.21,   473.38,   727.61
   93.28,   600.17,   478.58
   94.38,   599.24,   603.57
   95.49,   598.32,   728.57
  225.66,   354.02,   475.59
  226.77,   353.09,   600.58
  227.87,   352.17,   725.57
  221.94,   478.96,   476.55
  223.05,   478.03,   601.54
  224.15,   477.11,   726.53
  218.22,   603.90,   477.51
  219.32,   602.98,   602.50
  220.43,   602.05,   727.49
  350.60,   357.75,   474.51
  351.71,   356.82,   599.50
  352.81,   355.90,   724.50
  346.88,   482.69,   475.47
  347.99,   481.76,   600.46
  349.09,   480.84,   725.45
  343.16,   607.63,   476.43
  344.26,   606.71,   601.42
  345.37,   605.78,   726.41
   98.56,   351.36,   598.96
  100.69,   348.72,   723.91
  102.82,   346.07,   848.87
   97.78,   476.33,   601.62
   99.91,   473.69,   726.57
  102.04,   471.04,   851.53
   97.01,   601.30,   604.28
   99.14,   598.66,   729.23
  101.27,   596.01,   854.19
  223.54,   352.18,   596.85
  225.67,   349.54,   721.80
  227.80,   346.89,   846.75
  222.76,   477.15,   599.51
  224.89,   474.51,   724.46
  227.02,   471.86,   849.41
  221.99,   602.12,   602.17
  224.12,   599.48,   727.12
  226.25,   596.83,   852.07
  348.52,   353.00,   594.73
  350.65,   350.36,   719.69
  352.78,   347.71,   844.64
  347.74,   477.97,   597.39
  349.87,   475.33,   722.35
  352.00,   472.68,   847.30
  346.97,   602.94,   600.05
  349.10,   600.30,   725.01
  351.23,   597.65,   849.96
  100.67,   473.74,   101.87
  103.24,   476.76,   226.81
  105.82,   479.77,   351.75
  104.36,   598.65,    98.78
  106.93,   601.66,   223.72
  109.51,   604.68,   348.66
  108.04,   723.56,    95.69
  110.62,   726.57,   220.63
  113.20,   729.59,   345.57
  225.59,   469.99,    99.39
  228.16,   473.01,   224.33
  230.74,   476.02,   349.26
  229.27,   594.90,    96.30
  231.85,   597.91,   221.24
  234.43,   600.93,   346.17
  232.96,   719.81,    93.21
  235.54,   722.82,   218.14
  238.11,   725.84,   343.08
  350.51,   466.24,    96.90
  353.08,   469.26,   221.84
  355.66,   472.27,   346.78
  354.19,   591.15,    93.81
  356.77,   594.16,   218.75
  359.35,   597.18,   343.69
  357.88,   716.06,    90.72
  360.46,   719.07,   215.66
  363.03,   722.09,   340.60
   99.90,   474.05,   224.70
   96.77,   477.41,   349.61
   93.64,   480.77,   474.53
   99.22,   599.00,   221.32
   96.09,   602.36,   346.24
   92.97,   605.72,   471.15
   98.54,   723.95,   217.94
   95.42,   727.31,   342.86
   92.29,   730.67,   467.77
  224.86,   474.81,   227.81
  221.73,   478.17,   352.72
  218.60,   481.53,   477.64
  224.18,   599.76,   224.43
  221.05,   603.12,   349.34
  217.93,   606.48,   474.26
  223.50,   724.72,   221.05
  220.37,   728.07,   345.97
  217.25,   731.43,   470.88
  349.82,   475.57,   230.91
  346.69,   478.93,   355.83
  343.56,   482.29,   480.74
  349.14,   600.53,   227.54
  346.01,   603.88,   352.45
  342.88,   607.24,   477.37
  348.46,   725.48,   224.16
  345.33,   728.84,   349.07
  342.21,   732.20,   473.99
  101.41,   474.96,   350.08
   98.29,   473.01,   475.03
   95.17,   471.07,   599.98
   99.06,   599.92,   351.97
   95.95,   597.98,   476.92
   92.83,   596.03,   601.86
   96.72,   724.88,   353.86
   93.60,   722.94,   478.80
   90.49,   721.00,   603.75
  226.34,   477.25,   353.24
  223.23,   475.31,   478.18
  220.11,   473.36,   603.13
  224.00,   602.22,   355.12
  220.88,   600.27,   480.07
  217.77,   598.33,   605.01
  221.66,   727.18,   357.01
  218.54,   725.24,   481.95
  215.42,   723.29,   606.90
  351.28,   479.55,   356.39
  348.17,   477.60,   481.34
  345.05,   475.66,   606.28
  348.94,   604.51,   358.28
  345.82,   602.57,   483.22
  342.71,   600.62,   608.17
  346.60,   729.47,   360.16
  343.48,   727.53,   485.11
  340.36,   725.59,   610.05
  100.67,   474.41,   475.51
   98.16,   474.66,   600.49
   95.65,   474.90,   725.46
   97.82,   599.38,   475.21
   95.31,   599.62,   600.18
   92.80,   599.87,   725.16
   94.97,   724.34,   474.90
   92.46,   724.59,   599.88
   89.95,   724.84,   724.85
  225.62,   477.26,   478.02
  223.10,   477.51,   602.99
  220.59,   477.76,   727.97
  222.77,   602.23,   477.71
  220.25,   602.48,   602.69
  217.74,   602.73,   727.66
  219.92,   727.20,   477.41
  217.40,   727.45,   602.38
  214.89,   727.70,   727.36
  350.56,   480.12,   480.52
  348.05,   480.37,   605.50
  345.53,   480.62,   730.47
  347.71,   605.09,   480.22
  345.20,   605.34,   605.19
  342.68,   605.58,   730.17
  344.86,   730.05,   479.91
  342.35,   730.30,   604.89
  339.83,   730.55,   729.86
  100.66,   475.01,   601.06
   98.01,   472.80,   726.02
   95.35,   470.60,   850.97
  100.41,   599.99,   603.27
   97.75,   597.78,   728.22
   95.09,   595.58,   853.17
  100.16,   724.97,   605.47
   97.50,   722.77,   730.42
   94.84,   720.56,   855.37
  225.64,   475.22,   603.73
  222.98,   473.01,   728.68
  220.32,   470.80,   853.63
  225.38,   600.20,   605.93
  222.72,   597.99,   730.88
  220.06,   595.78,   855.83
  225.13,   725.18,   608.13
  222.47,   722.97,   733.08
  219.81,   720.76,   858.04
  350.61,   475.43,   606.39
  347.95,   473.22,   731.34
  345.29,   471.01,   856.29
  350.35,   600.41,   608.59
  347.69,   598.20,   733.54
  345.04,   595.99,   858.50
  350.10,   725.39,   610.79
  347.44,   723.18,   735.75
  344.78,   720.97,   860.70
   98.36,   600.84,    99.24
   99.68,   604.23,   224.19
  100.99,   607.61,   349.14
   99.55,   725.79,    95.85
  100.86,   729.18,   220.79
  102.17,   732.56,   345.74
  100.73,   850.74,    92.45
  102.05,   854.12,   217.40
  103.36,   857.51,   342.34
  223.35,   599.62,    97.96
  224.66,   603.01,   222.91
  225.98,   606.39,   347.86
  224.54,   724.57,    94.57
  225.85,   727.96,   219.51
  227.16,   731.34,   344.46
  225.72,   849.52,    91.17
  227.03,   852.90,   216.12
  228.35,   856.29,   341.06
  348.34,   598.40,    96.68
  349.65,   601.79,   221.63
  350.96,   605.17,   346.58
  349.52,   723.35,    93.29
  350.84,   726.74,   218.23
  352.15,   730.12,   343.18
  350.71,   848.30,    89.89
  352.02,   851.68,   214.84
  353.33,   855.07,   339.78
   99.13,   599.94,   223.13
  102.83,   601.22,   348.07
  106.52,   602.50,   473.01
   99.30,   724.94,   221.85
  102.99,   726.21,   346.79
  106.69,   727.49,   471.73
   99.46,   849.93,   220.57
  103.16,   851.21,   345.51
  106.85,   852.48,   470.45
  224.08,   599.74,   219.44
  227.77,   601.02,   344.38
  231.47,   602.29,   469.32
  224.24,   724.73,   218.16
  227.94,   726.01,   343.10
  231.63,   727.29,   468.04
  224.41,   849.73,   216.88
  228.10,   851.00,   341.82
  231.80,   852.28,   466.75
  349.02,   599.54,   215.75
  352.72,   600.81,   340.68
  356.41,   602.09,   465.62
  349.19,   724.53,   214.46
  352.88,   725.81,   339.40
  356.58,   727.08,   464.34
  349.35,   849.52,   213.18
  353.05,   850.80,   338.12
  356.74,   852.08,   463.06
   99.76,   599.96,   348.34
  100.99,   603.01,   473.30
  102.22,   606.05,   598.26
  101.55,   724.91,   345.28
  102.78,   727.96,   470.23
  104.00,   731.00,   595.19
  103.34,   849.86,   342.21
  104.57,   852.91,   467.17
  105.79,   855.95,   592.13
  224.74,   598.14,   347.16
  225.97,   601.19,   472.12
  227.20,   604.23,   597.07
  226.53,   723.09,   344.09
  227.76,   726.14,   469.05
  228.99,   729.18,   594.01
  228.32,   848.04,   341.03
  229.55,   851.09,   465.99
  230.77,   854.13,   590.94
  349.72,   596.32,   345.98
  350.95,   599.37,   470.93
  352.18,   602.42,   595.89
  351.51,   721.27,   342.91
  352.74,   724.32,   467.87
  353.97,   727.37,   592.82
  353.30,   846.22,   339.85
  354.53,   849.27,   464.80
  355.76,   852.32,   589.76
  101.61,   601.14,   476.89
  101.43,   601.98,   601.89
  101.26,   602.81,   726.88
  103.64,   726.13,   476.06
  103.46,   726.96,   601.05
  103.28,   727.79,   726.05
  105.67,   851.11,   475.23
  105.49,   851.94,   600.22
  105.31,   852.77,   725.22
  226.59,   599.12,   477.08
  226.42,   599.95,   602.08
  226.24,   600.79,   727.07
  228.62,   724.10,   476.25
  228.44,   724.93,   601.24
  228.27,   725.77,   726.24
  230.65,   849.08,   475.42
  230.47,   849.91,   600.41
  230.29,   850.75,   725.41
  351.58,   597.09,   477.27
  351.40,   597.92,   602.27
  351.22,   598.76,   727.26
  353.60,   722.07,   476.44
  353.43,   722.91,   601.43
  353.25,   723.74,   726.43
  355.63,   847.05,   475.61
  355.46,   847.89,   600.60
  355.28,   848.72,   725.60
   99.04,   601.35,   601.19
   97.41,   604.42,   726.14
   95.78,   607.49,   851.09
   95.36,   726.25,   598.07
   93.73,   729.32,   723.02
   92.10,   732.40,   847.97
   91.68,   851.16,   594.95
   90.05,   854.23,   719.90
   88.42,   857.30,   844.85
  223.97,   605.07,   602.72
  222.34,   608.14,   727.68
  220.71,   611.21,   852.63
  220.29,   729.97,   599.61
  218.66,   733.04,   724.56
  217.03,   736.11,   849.51
  216.61,   854.88,   596.49
  214.98,   857.95,   721.44
  213.35,   861.02,   846.39
  348.91,   608.79,   604.26
  347.28,   611.86,   729.21
  345.65,   614.93,   854.16
  345.23,   733.69,   601.14
  343.60,   736.76,   726.10
  341.97,   739.83,   851.05
  341.55,   858.60,   598.03
  339.92,   861.67,   722.98
  338.29,   864.74,   847.93
  225.63,    99.93,    99.71
  228.13,   101.16,   224.67
  230.64,   102.40,   349.64
  227.16,   224.91,    98.44
  229.67,   226.15,   223.41
  232.17,   227.38,   348.38
  228.69,   349.90,    97.18
  231.20,   351.13,   222.14
  233.70,   352.37,   347.11
  350.60,    98.37,    97.22
  353.10,    99.61,   222.19
  355.60,   100.84,   347.15
  352.13,   223.36,    95.95
  354.63,   224.59,   220.92
  357.13,   225.83,   345.89
  353.66,   348.34,    94.69
  356.16,   349.58,   219.66
  358.67,   350.81,   344.62
  475.56,    96.82,    94.73
  478.07,    98.05,   219.70
  480.57,    99.29,   344.67
  477.09,   221.80,    93.46
  479.60,   223.04,   218.43
  482.10,   224.27,   343.40
  478.62,   346.79,    92.20
  481.13,   348.02,   217.17
  483.63,   349.26,   342.14
  223.18,    99.27,   226.42
  226.06,   101.83,   351.36
  228.94,   104.39,   476.30
  222.13,   224.24,   223.88
  225.01,   226.80,   348.82
  227.89,   229.36,   473.76
  221.07,   349.21,   221.34
  223.96,   351.77,   346.28
  226.84,   354.33,   471.22
  348.14,   100.26,   223.51
  351.02,   102.82,   348.45
  353.91,   105.39,   473.39
  347.09,   225.23,   220.97
  349.97,   227.79,   345.91
  352.85,   230.36,   470.85
  346.04,   350.20,   218.43
  348.92,   352.76,   343.37
  351.80,   355.33,   468.31
  473.10,   101.25,   220.61
  475.99,   103.82,   345.55
  478.87,   106.38,   470.49
  472.05,   226.22,   218.07
  474.93,   228.79,   343.01
  477.82,   231.35,   467.95
  471.00,   351.19,   215.53
  473.88,   353.76,   340.47
  476.76,   356.32,   465.41
  226.43,    98.05,   351.22
  226.78,    98.28,   476.22
  227.13,    98.51,   601.21
  223.55,   223.02,   350.99
  223.90,   223.25,   475.99
  224.25,   223.48,   600.99
  220.67,   347.99,   350.77
  221.02,   348.22,   475.77
  221.37,   348.45,   600.77
  351.40,   100.93,   350.86
  351.75,   101.16,   475.86
  352.10,   101.39,   600.86
  348.52,   225.90,   350.64
  348.87,   226.13,   475.64
  349.22,   226.36,   600.64
  345.64,   350.86,   350.42
  345.99,   351.10,   475.42
  346.34,   351.33,   600.41
  476.37,   103.81,   350.51
  476.71,   104.04,   475.51
  477.06,   104.27,   600.51
  473.49,   228.78,   350.29
  473.83,   229.01,   475.29
  474.18,   229.24,   600.28
  470.61,   353.74,   350.06
  470.96,   353.97,   475.06
  471.30,   354.21,   600.06
  226.09,    99.60,   473.18
  225.45,   100.74,   598.17
  224.82,   101.88,   723.16
  223.05,   224.56,   472.02
  222.42,   225.70,   597.02
  221.78,   226.84,   722.01
  220.02,   349.52,   470.87
  219.38,   350.66,   595.86
  218.75,   351.79,   720.86
  351.05,   102.64,   473.79
  350.41,   103.78,   598.78
  349.78,   104.92,   723.77
  348.02,   227.60,   472.63
  347.38,   228.74,   597.63
  346.74,   229.88,   722.62
  344.98,   352.56,   471.48
  344.34,   353.70,   596.47
  343.71,   354.84,   721.46
  476.01,   105.68,   474.40
  475.38,   106.82,   599.39
  474.74,   107.96,   724.38
  472.98,   230.64,   473.24
  472.34,   231.78,   598.23
  471.70,   232.92,   723.23
  469.94,   355.60,   472.09
  469.31,   356.74,   597.08
  468.67,   357.88,   722.07
  226.42,    99.27,   600.73
  223.12,    97.11,   725.66
  219.83,    94.94,   850.60
  228.87,   224.23,   602.95
  225.57,   222.06,   727.89
  222.27,   219.90,   852.83
  231.31,   349.18,   605.18
  228.01,   347.02,   730.12
  224.71,   344.85,   855.06
  351.35,    96.77,   603.98
  348.06,    94.60,   728.92
  344.76,    92.44,   853.86
  353.80,   221.72,   606.21
  350.50,   219.56,   731.15
  347.20,   217.40,   856.09
  356.24,   346.68,   608.44
  352.94,   344.52,   733.38
  349.65,   342.35,   858.31
  476.29,    94.27,   607.24
  472.99,    92.10,   732.17
  469.69,    89.94,   857.11
  478.73,   219.22,   609.46
  475.43,   217.06,   734.40
  472.13,   214.89,   859.34
  481.18,   344.18,   611.69
  477.88,   342.01,   736.63
  474.58,   339.85,   861.57
  224.00,   224.42,   100.19
  226.05,   221.80,   225.14
  228.11,   219.18,   350.10
  225.95,   349.38,   102.78
  228.01,   346.76,   227.73
  230.06,   344.13,   352.69
  227.91,   474.34,   105.37
  229.96,   471.71,   230.32
  232.02,   469.09,   355.28
  348.97,   222.51,    98.09
  351.02,   219.89,   223.05
  353.08,   217.27,   348.01
  350.92,   347.47,   100.68
  352.98,   344.85,   225.64
  355.03,   342.22,   350.60
  352.88,   472.43,   103.27
  354.93,   469.80,   228.23
  356.98,   467.18,   353.19
  473.94,   220.60,    96.00
  475.99,   217.98,   220.96
  478.04,   215.35,   345.91
  475.89,   345.56,    98.59
  477.94,   342.94,   223.55
  480.00,   340.31,   348.50
  477.84,   470.52,   101.18
  479.90,   467.89,   226.14
  481.95,   465.27,   351.09
  226.14,   225.33,   223.25
  224.40,   223.30,   348.22
  222.65,   221.27,   473.20
  229.34,   350.28,   225.33
  227.59,   348.24,   350.30
  225.85,   346.21,   475.27
  232.54,   475.22,   227.41
  230.79,   473.18,   352.38
  229.05,   471.15,   477.35
  351.09,   222.11,   224.95
  349.34,   220.07,   349.92
  347.60,   218.04,   474.89
  354.29,   347.05,   227.02
  352.54,   345.02,   352.00
  350.80,   342.98,   476.97
  357.49,   471.99,   229.10
  355.74,   469.96,   354.07
  353.99,   467.92,   479.05
  476.04,   218.88,   226.64
  474.29,   216.85,   351.61
  472.55,   214.81,   476.58
  479.23,   343.82,   228.72
  477.49,   341.79,   353.69
  475.74,   339.76,   478.66
  482.43,   468.77,   230.80
  480.69,   466.73,   355.77
  478.94,   464.70,   480.74
  226.14,   226.54,   350.84
  224.45,   228.23,   475.82
  222.77,   229.91,   600.80
  223.94,   351.51,   349.12
  222.25,   353.19,   474.10
  220.57,   354.88,   599.08
  221.74,   476.47,   347.40
  220.05,   478.16,   472.38
  218.37,   479.85,   597.36
  351.11,   228.76,   352.50
  349.42,   230.45,   477.47
  347.74,   232.14,   602.45
  348.91,   353.73,   350.78
  347.22,   355.42,   475.75
  345.54,   357.11,   600.73
  346.71,   478.70,   349.06
  345.02,   480.39,   474.04
  343.34,   482.08,   599.01
  476.08,   230.98,   354.15
  474.39,   232.67,   479.13
  472.71,   234.36,   604.10
  473.88,   355.95,   352.43
  472.19,   357.64,   477.41
  470.51,   359.33,   602.39
  471.67,   480.92,   350.71
  469.99,   482.61,   475.69
  468.31,   484.30,   600.67
  224.30,   224.88,   475.28
  227.86,   227.92,   600.19
  231.43,   230.97,   725.10
  223.56,   349.84,   472.25
  227.12,   352.89,   597.16
  230.68,   355.93,   722.07
  222.81,   474.80,   469.22
  226.38,   477.85,   594.13
  229.94,   480.90,   719.04
  349.25,   225.53,   471.70
  352.81,   228.58,   596.61
  356.38,   231.63,   721.52
  348.50,   350.49,   468.67
  352.07,   353.54,   593.58
  355.63,   356.59,   718.49
  347.76,   475.45,   465.64
  351.32,   478.50,   590.55
  354.89,   481.55,   715.46
  474.19,   226.19,   468.12
  477.76,   229.24,   593.03
  481.32,   232.29,   717.94
  473.45,   351.15,   465.09
  477.01,   354.20,   590.00
  480.58,   357.25,   714.91
  472.71,   476.11,   462.06
  476.27,   479.16,   586.97
  479.83,   482.21,   711.88
  224.41,   223.43,   601.18
  224.63,   223.45,   726.18
  224.85,   223.47,   851.18
  222.22,   348.41,   601.17
  222.44,   348.43,   726.17
  222.67,   348.45,   851.17
  220.03,   473.39,   601.16
  220.26,   473.41,   726.16
  220.48,   473.43,   851.16
  349.39,   225.62,   600.96
  349.61,   225.64,   725.96
  349.84,   225.65,   850.96
  347.20,   350.60,   600.95
  347.43,   350.62,   725.95
  347.65,   350.64,   850.95
  345.02,   475.58,   600.93
  345.24,   475.60,   725.93
  345.46,   475.62,   850.93
  474.37,   227.81,   600.74
  474.59,   227.82,   725.74
  474.82,   227.84,   850.74
  472.18,   352.79,   600.72
  472.41,   352.80,   725.72
  472.63,   352.82,   850.72
  470.00,   477.77,   600.71
  470.22,   477.79,   725.71
  470.44,   477.80,   850.71
  226.94,   351.72,    99.21
  224.96,   351.40,   224.19
  222.98,   351.07,   349.17
  225.58,   476.71,    99.51
  223.60,   476.39,   224.49
  221.62,   476.06,   349.48
  224.22,   601.71,    99.82
  222.24,   601.38,   224.80
  220.26,   601.05,   349.78
  351.92,   353.07,   101.19
  349.94,   352.75,   226.18
  347.95,   352.42,   351.16
  350.56,   478.07,   101.50
  348.58,   477.74,   226.48
  346.60,   477.41,   351.46
  349.20,   603.06,   101.80
  347.22,   602.73,   226.78
  345.24,   602.41,   351.77
  476.90,   354.43,   103.18
  474.91,   354.10,   228.16
  472.93,   353.78,   353.14
  475.54,   479.42,   103.48
  473.55,   479.09,   228.47
  471.57,   478.77,   353.45
  474.18,   604.41,   103.79
  472.20,   604.09,   228.77
  470.21,   603.76,   353.75
  224.13,   349.49,   223.51
  225.00,   350.91,   348.50
  225.88,   352.32,   473.49
  221.30,   474.45,   222.11
  222.18,   475.87,   347.10
  223.05,   477.28,   472.09
  218.47,   599.41,   220.72
  219.35,   600.83,   345.71
  220.22,   602.24,   470.70
  349.09,   352.31,   222.60
  349.97,   353.72,   347.59
  350.84,   355.14,   472.58
  346.26,   477.27,   221.21
  347.14,   478.68,   346.20
  348.02,   480.10,   471.18
  343.44,   602.23,   219.81
  344.31,   603.64,   344.80
  345.19,   605.06,   469.79
  474.06,   355.13,   221.69
  474.93,   356.54,   346.68
  475.81,   357.96,   471.67
  471.23,   480.09,   220.30
  472.11,   481.50,   345.29
  472.98,   482.92,   470.28
  468.40,   605.05,   218.91
  469.28,   606.46,   343.90
  470.15,   607.88,   468.88
  226.17,   348.84,   351.07
  229.35,   351.43,   476.00
  232.53,   354.01,   600.93
  228.60,   473.79,   348.42
  231.78,   476.37,   473.35
  234.96,   478.96,   598.29
  231.03,   598.74,   345.77
  234.22,   601.32,   470.70
  237.40,   603.91,   595.64
  351.10,   346.34,   347.94
  354.29,   348.93,   472.87
  357.47,   351.51,   597.80
  353.54,   471.29,   345.29
  356.72,   473.87,   470.22
  359.90,   476.46,   595.16
  355.97,   596.24,   342.64
  359.15,   598.82,   467.57
  362.33,   601.41,   592.51
  476.04,   343.84,   344.81
  479.22,   346.43,   469.74
  482.40,   349.01,   594.67
  478.47,   468.79,   342.16
  481.65,   471.37,   467.09
  484.84,   473.96,   592.02
  480.91,   593.74,   339.51
  484.09,   596.32,   464.44
  487.27,   598.91,   589.38
  226.22,   349.08,   475.15
  225.73,   352.74,   600.10
  225.24,   356.39,   725.04
  229.91,   473.97,   471.51
  229.42,   477.63,   596.46
  228.93,   481.28,   721.40
  233.60,   598.87,   467.87
  233.11,   602.52,   592.82
  232.62,   606.18,   717.77
  351.16,   345.41,   475.75
  350.68,   349.06,   600.69
  350.19,   352.72,   725.64
  354.85,   470.30,   472.11
  354.37,   473.95,   597.06
  353.88,   477.61,   722.00
  358.55,   595.19,   468.47
  358.06,   598.85,   593.42
  357.57,   602.50,   718.36
  476.11,   341.73,   476.34
  475.62,   345.39,   601.29
  475.13,   349.04,   726.24
  479.80,   466.62,   472.71
  479.31,   470.28,   597.65
  478.82,   473.93,   722.60
  483.49,   591.52,   469.07
  483.00,   595.17,   594.01
  482.51,   598.83,   718.96
  225.34,   350.08,   601.16
  225.37,   349.78,   726.16
  225.40,   349.48,   851.16
  223.51,   475.06,   601.47
  223.54,   474.76,   726.47
  223.57,   474.46,   851.46
  221.68,   600.05,   601.77
  221.71,   599.75,   726.77
  221.74,   599.45,   851.77
  350.33,   351.91,   601.14
  350.36,   351.61,   726.14
  350.39,   351.31,   851.14
  348.50,   476.90,   601.44
  348.53,   476.59,   726.44
  348.56,   476.29,   851.44
  346.67,   601.88,   601.74
  346.70,   601.58,   726.74
  346.73,   601.28,   851.74
  475.31,   353.74,   601.11
  475.34,   353.44,   726.11
  475.37,   353.14,   851.11
  473.48,   478.73,   601.42
  473.51,   478.42,   726.42
  473.54,   478.12,   851.41
  471.65,   603.71,   601.72
  471.68,   603.41,   726.72
  471.71,   603.11,   851.72
  223.13,   476.81,   100.81
  221.97,   475.25,   225.79
  220.80,   473.69,   350.78
  226.44,   601.76,   102.40
  225.28,   600.20,   227.38
  224.11,   598.64,   352.37
  229.75,   726.70,   103.99
  228.59,   725.14,   228.97
  227.42,   723.59,   353.96
  348.08,   473.49,   101.93
  346.92,   471.93,   226.91
  345.76,   470.37,   351.90
  351.39,   598.43,   103.52
  350.23,   596.88,   228.50
  349.06,   595.32,   353.49
  354.70,   723.38,   105.11
  353.54,   721.82,   230.09
  352.37,   720.26,   355.08
  473.03,   470.16,   103.05
  471.87,   468.61,   228.03
  470.71,   467.05,   353.02
  476.34,   595.11,   104.64
  475.18,   593.55,   229.62
  474.02,   591.99,   354.61
  479.65,   720.06,   106.23
  478.49,   718.50,   231.21
  477.32,   716.94,   356.20
  225.28,   476.13,   226.30
  223.89,   478.08,   351.27
  222.50,   480.03,   476.25
  225.01,   601.11,   224.34
  223.62,   603.06,   349.32
  222.23,   605.02,   474.30
  224.73,   726.10,   222.39
  223.35,   728.05,   347.37
  221.96,   730.00,   472.34
  350.27,   476.42,   227.68
  348.88,   478.37,   352.66
  347.49,   480.33,   477.63
  350.00,   601.41,   225.73
  348.61,   603.36,   350.70
  347.22,   605.31,   475.68
  349.73,   726.39,   223.77
  348.34,   728.34,   348.75
  346.95,   730.29,   473.73
  475.26,   476.72,   229.06
  473.87,   478.67,   354.04
  472.49,   480.62,   479.02
  474.99,   601.70,   227.11
  473.60,   603.65,   352.09
  472.21,   605.60,   477.06
  474.72,   726.69,   225.16
  473.33,   728.64,   350.13
  471.94,   730.59,   475.11
  224.63,   474.16,   349.33
  228.04,   476.86,   474.25
  231.44,   479.55,   599.17
  225.73,   599.13,   346.60
  229.13,   601.82,   471.52
  232.53,   604.52,   596.45
  226.82,   724.09,   343.87
  230.22,   726.79,   468.80
  233.63,   729.49,   593.72
  349.58,   473.00,   345.95
  352.99,   475.69,   470.87
  356.39,   478.39,   595.80
  350.68,   597.96,   343.22
  354.08,   600.66,   468.15
  357.48,   603.35,   593.07
  351.77,   722.93,   340.49
  355.17,   725.62,   465.42
  358.57,   728.32,   590.34
  474.53,   471.83,   342.57
  477.93,   474.53,   467.49
  481.34,   477.22,   592.42
  475.62,   596.80,   339.84
  479.03,   599.49,   464.77
  482.43,   602.19,   589.69
  476.72,   721.76,   337.12
  480.12,   724.46,   462.04
  483.52,   727.15,   586.96
  225.12,   474.66,   475.02
  223.14,   473.26,   600.00
  221.15,   471.86,   724.97
  228.81,   599.60,   476.48
  226.82,   598.19,   601.46
  224.84,   596.79,   726.43
  232.50,   724.53,   477.94
  230.51,   723.13,   602.92
  228.53,   721.73,   727.89
  350.05,   470.95,   476.96
  348.07,   469.55,   601.94
  346.08,   468.15,   726.91
  353.74,   595.89,   478.42
  351.75,   594.48,   603.40
  349.77,   593.08,   728.37
  357.43,   720.82,   479.88
  355.44,   719.42,   604.86
  353.46,   718.02,   729.83
  474.98,   467.24,   478.90
  473.00,   465.84,   603.88
  471.01,   464.44,   728.86
  478.67,   592.18,   480.36
  476.68,   590.78,   605.34
  474.70,   589.37,   730.32
  482.36,   717.11,   481.82
  480.37,   715.71,   606.80
  478.39,   714.31,   731.78
  223.77,   474.44,   600.36
  224.71,   471.33,   725.31
  225.66,   468.21,   850.27
  224.93,   599.40,   603.46
  225.88,   596.28,   728.42
  226.83,   593.17,   853.38
  226.10,   724.35,   606.57
  227.05,   721.24,   731.52
  227.99,   718.12,   856.48
  348.76,   473.30,   599.38
  349.70,   470.18,   724.34
  350.65,   467.07,   849.29
  349.92,   598.25,   602.48
  350.87,   595.14,   727.44
  351.82,   592.03,   852.40
  351.09,   723.21,   605.59
  352.04,   720.10,   730.55
  352.98,   716.98,   855.50
  473.75,   472.15,   598.40
  474.69,   469.04,   723.36
  475.64,   465.93,   848.32
  474.91,   597.11,   601.51
  475.86,   594.00,   726.47
  476.81,   590.88,   851.42
  476.08,   722.07,   604.61
  477.03,   718.95,   729.57
  477.98,   715.84,   854.53
  226.43,   598.25,   100.56
  225.01,   596.46,   225.54
  223.59,   594.68,   350.52
  229.94,   723.18,   102.38
  228.52,   721.40,   227.36
  227.10,   719.62,   352.34
  233.45,   848.12,   104.20
  232.03,   846.34,   229.18
  230.61,   844.56,   354.16
  351.37,   594.72,   101.93
  349.95,   592.93,   226.91
  348.53,   591.15,   351.89
  354.88,   719.65,   103.75
  353.46,   717.87,   228.73
  352.04,   716.09,   353.71
  358.40,   844.59,   105.57
  356.97,   842.81,   230.55
  355.55,   841.03,   355.53
  476.32,   591.18,   103.30
  474.89,   589.40,   228.28
  473.47,   587.62,   353.26
  479.83,   716.12,   105.12
  478.41,   714.34,   230.10
  476.99,   712.56,   355.08
  483.34,   841.06,   106.94
  481.92,   839.28,   231.92
  480.50,   837.49,   356.90
  226.91,   598.23,   226.52
  228.07,   600.58,   351.49
  229.22,   602.93,   476.47
  224.48,   723.18,   224.19
  225.64,   725.53,   349.17
  226.80,   727.89,   474.14
  222.05,   848.14,   221.86
  223.21,   850.49,   346.84
  224.37,   852.84,   471.81
  351.88,   600.64,   225.32
  353.04,   602.99,   350.29
  354.20,   605.34,   475.26
  349.45,   725.59,   222.99
  350.61,   727.94,   347.96
  351.77,   730.29,   472.94
  347.02,   850.55,   220.66
  348.18,   852.90,   345.63
  349.34,   855.25,   470.61
  476.85,   603.04,   224.12
  478.01,   605.39,   349.09
  479.17,   607.75,   474.06
  474.42,   728.00,   221.79
  475.58,   730.35,   346.76
  476.74,   732.70,   471.73
  471.99,   852.95,   219.46
  473.15,   855.30,   344.43
  474.31,   857.66,   469.40
  226.11,   601.50,   350.08
  226.35,   598.03,   475.03
  226.58,   594.55,   599.98
  222.84,   726.41,   353.56
  223.07,   722.94,   478.51
  223.31,   719.46,   603.46
  219.56,   851.32,   357.04
  219.80,   847.84,   481.99
  220.03,   844.37,   606.94
  351.07,   604.79,   349.93
  351.30,   601.31,   474.88
  351.54,   597.83,   599.83
  347.79,   729.69,   353.41
  348.03,   726.22,   478.37
  348.26,   722.74,   603.32
  344.52,   854.60,   356.90
  344.75,   851.13,   481.85
  344.99,   847.65,   606.80
  476.03,   608.07,   349.79
  476.26,   604.59,   474.74
  476.50,   601.11,   599.69
  472.75,   732.97,   353.27
  472.99,   729.50,   478.22
  473.22,   726.02,   603.17
  469.48,   857.88,   356.75
  469.71,   854.41,   481.70
  469.95,   850.93,   606.66
  226.33,   600.21,   476.80
  229.55,   599.44,   601.76
  232.76,   598.67,   726.71
  228.96,   725.18,   477.50
  232.18,   724.41,   602.46
  235.39,   723.64,   727.41
  231.59,   850.15,   478.21
  234.81,   849.38,   603.16
  238.02,   848.61,   728.12
  351.27,   597.60,   473.57
  354.48,   596.83,   598.53
  357.69,   596.06,   723.48
  353.89,   722.57,   474.27
  357.11,   721.80,   599.23
  360.32,   721.03,   724.19
  356.52,   847.54,   474.98
  359.74,   846.77,   599.93
  362.95,   846.00,   724.89
  476.20,   594.99,   470.34
  479.41,   594.22,   595.30
  482.62,   593.45,   720.26
  478.83,   719.96,   471.05
  482.04,   719.19,   596.00
  485.25,   718.42,   720.96
  481.45,   844.93,   471.75
  484.67,   844.16,   596.70
  487.88,   843.39,   721.66
  225.07,   600.65,   600.96
  226.15,   598.72,   725.94
  227.22,   596.78,   850.92
  221.40,   725.58,   602.93
  222.47,   723.65,   727.91
  223.54,   721.71,   852.89
  217.72,   850.51,   604.90
  218.79,   848.58,   729.88
  219.86,   846.64,   854.86
  350.01,   604.35,   599.95
  351.09,   602.41,   724.93
  352.16,   600.47,   849.91
  346.34,   729.28,   601.92
  347.41,   727.34,   726.90
  348.48,   725.40,   851.88
  342.66,   854.21,   603.88
  343.73,   852.27,   728.87
  344.80,   850.33,   853.85
  474.96,   608.04,   598.93
  476.03,   606.10,   723.92
  477.10,   604.17,   848.90
  471.28,   732.97,   600.90
  472.35,   731.04,   725.88
  473.42,   729.10,   850.86
  467.60,   857.90,   602.87
  468.67,   855.97,   727.85
  469.74,   854.03,   852.83
  348.90,   101.45,    99.00
  346.80,   104.05,   223.95
  344.69,   106.66,   348.91
  347.33,   226.42,    96.37
  345.22,   229.02,   221.33
  343.11,   231.62,   346.28
  345.75,   351.38,    93.74
  343.64,   353.98,   218.70
  341.53,   356.58,   343.65
  473.88,   103.07,   101.07
  471.77,   105.68,   226.03
  469.66,   108.28,   350.98
  472.30,   228.04,    98.44
  470.19,   230.64,   223.40
  468.08,   233.24,   348.35
  470.72,   353.00,    95.82
  468.61,   355.60,   220.77
  466.51,   358.20,   345.73
  598.85,   104.70,   103.15
  596.74,   107.30,   228.10
  594.63,   109.90,   353.06
  597.27,   229.66,   100.52
  595.16,   232.26,   225.47
  593.06,   234.86,   350.43
  595.69,   354.62,    97.89
  593.58,   357.22,   222.84
  591.48,   359.82,   347.80
  351.00,   100.87,   224.41
  347.89,   102.88,   349.36
  344.78,   104.88,   474.31
  351.47,   225.86,   222.42
  348.36,   227.86,   347.37
  345.25,   229.86,   472.31
  351.94,   350.84,   220.43
  348.83,   352.84,   345.38
  345.72,   354.85,   470.32
  475.96,   100.45,   227.53
  472.85,   102.45,   352.48
  469.74,   104.46,   477.42
  476.43,   225.43,   225.54
  473.32,   227.44,   350.49
  470.21,   229.44,   475.43
  476.91,   350.42,   223.55
  473.79,   352.42,   348.49
  470.68,   354.42,   473.44
  600.92,   100.03,   230.65
  597.81,   102.03,   355.60
  594.70,   104.03,   480.54
  601.39,   225.01,   228.66
  598.28,   227.01,   353.60
  595.17,   229.02,   478.55
  601.87,   349.99,   226.67
  598.75,   352.00,   351.61
  595.64,   354.00,   476.56
  348.53,   101.70,   348.57
  345.81,   102.38,   473.54
  343.10,   103.05,   598.51
  349.97,   226.69,   347.93
  347.25,   227.37,   472.90
  344.54,   228.04,   597.87
  351.41,   351.68,   347.29
  348.69,   352.36,   472.25
  345.98,   353.03,   597.22
  473.49,   100.28,   351.29
  470.77,   100.95,   476.26
  468.06,   101.62,   601.23
  474.93,   225.27,   350.65
  472.21,   225.94,   475.62
  469.50,   226.61,   600.59
  476.37,   350.26,   350.01
  473.65,   350.93,   474.98
  470.94,   351.60,   599.95
  598.45,    98.85,   354.02
  595.74,    99.52,   478.99
  593.02,   100.20,   603.95
  599.89,   223.84,   353.37
  597.18,   224.51,   478.34
  594.46,   225.19,   603.31
  601.33,   348.83,   352.73
  598.62,   349.50,   477.70
  595.90,   350.18,   602.67
  349.29,    99.20,   473.09
  350.91,    96.53,   598.05
  352.53,    93.85,   723.01
  346.66,   224.14,   475.80
  348.28,   221.47,   600.76
  349.90,   218.79,   725.72
  344.04,   349.09,   478.51
  345.65,   346.41,   603.47
  347.27,   343.74,   728.43
  474.25,   101.86,   471.53
  475.87,    99.19,   596.49
  477.49,    96.51,   721.45
  471.62,   226.81,   474.24
  473.24,   224.13,   599.20
  474.86,   221.45,   724.16
  469.00,   351.75,   476.95
  470.62,   349.07,   601.91
  472.24,   346.40,   726.87
  599.21,   104.52,   469.97
  600.83,   101.85,   594.93
  602.45,    99.17,   719.89
  596.59,   229.47,   472.68
  598.21,   226.79,   597.64
  599.82,   224.12,   722.60
  593.96,   354.41,   475.38
  595.58,   351.73,   600.35
  597.20,   349.06,   725.31
  349.98,   101.28,   599.27
  352.16,   102.75,   724.24
  354.35,   104.22,   849.22
  350.96,   226.26,   597.78
  353.15,   227.73,   722.75
  355.33,   229.21,   847.73
  351.95,   351.25,   596.29
  354.13,   352.72,   721.27
  356.32,   354.19,   846.24
  474.95,   100.26,   597.10
  477.14,   101.74,   722.07
  479.33,   103.21,   847.04
  475.94,   225.25,   595.61
  478.13,   226.72,   720.58
  480.31,   228.19,   845.55
  476.92,   350.24,   594.12
  479.11,   351.71,   719.09
  481.30,   353.18,   844.06
  599.93,    99.25,   594.92
  602.12,   100.73,   719.90
  604.30,   102.20,   844.87
  600.92,   224.24,   593.43
  603.10,   225.71,   718.41
  605.29,   227.18,   843.38
  601.90,   349.23,   591.95
  604.09,   350.70,   716.92
  606.27,   352.17,   841.89
  349.43,   225.05,    99.88
  351.66,   227.04,   224.85
  353.90,   229.03,   349.81
  352.03,   350.01,    97.85
  354.27,   352.00,   222.81
  356.50,   353.99,   347.78
  354.63,   474.96,    95.81
  356.87,   476.95,   220.77
  359.10,   478.94,   345.74
  474.39,   222.41,    97.70
  476.62,   224.40,   222.66
  478.85,   226.40,   347.62
  476.99,   347.37,    95.66
  479.22,   349.36,   220.62
  481.45,   351.35,   345.59
  479.59,   472.32,    93.62
  481.82,   474.32,   218.58
  484.05,   476.31,   343.55
  599.34,   219.78,    95.51
  601.57,   221.77,   220.47
  603.80,   223.76,   345.43
  601.94,   344.73,    93.47
  604.17,   346.72,   218.43
  606.40,   348.72,   343.40
  604.54,   469.69,    91.43
  606.77,   471.68,   216.39
  609.00,   473.67,   341.36
  351.81,   226.12,   226.64
  353.70,   222.78,   351.58
  355.58,   219.43,   476.52
  351.84,   351.07,   229.98
  353.73,   347.73,   354.92
  355.61,   344.39,   479.86
  351.88,   476.03,   233.32
  353.76,   472.69,   358.26
  355.65,   469.35,   483.20
  476.80,   226.14,   224.75
  478.68,   222.80,   349.69
  480.57,   219.45,   474.63
  476.83,   351.09,   228.09
  478.71,   347.75,   353.03
  480.60,   344.41,   477.97
  476.86,   476.05,   231.43
  478.75,   472.71,   356.38
  480.63,   469.36,   481.32
  601.78,   226.16,   222.86
  603.67,   222.81,   347.81
  605.55,   219.47,   472.75
  601.82,   351.11,   226.21
  603.70,   347.77,   351.15
  605.59,   344.43,   476.09
  601.85,   476.07,   229.55
  603.73,   472.72,   354.49
  605.62,   469.38,   479.43
  349.46,   224.78,   351.86
  350.59,   226.29,   476.84
  351.73,   227.80,   601.83
  350.30,   349.77,   350.34
  351.43,   351.28,   475.33
  352.56,   352.79,   600.31
  351.13,   474.76,   348.83
  352.26,   476.27,   473.81
  353.39,   477.78,   598.80
  474.45,   223.93,   350.74
  475.59,   225.44,   475.72
  476.72,   226.95,   600.71
  475.29,   348.92,   349.22
  476.42,   350.43,   474.21
  477.55,   351.94,   599.19
  476.12,   473.91,   347.70
  477.25,   475.42,   472.69
  478.39,   476.93,   597.68
  599.45,   223.09,   349.61
  600.58,   224.60,   474.60
  601.71,   226.10,   599.59
  600.28,   348.08,   348.10
  601.41,   349.58,   473.08
  602.54,   351.09,   598.07
  601.11,   473.06,   346.58
  602.25,   474.57,   471.57
  603.38,   476.08,   596.55
  350.02,   226.23,   475.92
  347.91,   228.35,   600.89
  345.79,   230.48,   725.85
  350.58,   351.21,   473.81
  348.46,   353.33,   598.77
  346.35,   355.46,   723.74
  351.14,   476.19,   471.70
  349.02,   478.32,   596.66
  346.91,   480.44,   721.62
  475.00,   225.71,   478.05
  472.89,   227.83,   603.01
  470.77,   229.95,   727.98
  475.56,   350.69,   475.94
  473.45,   352.81,   600.90
  471.33,   354.93,   725.86
  476.12,   475.67,   473.82
  474.00,   477.79,   598.79
  471.89,   479.91,   723.75
  599.99,   225.18,   480.18
  597.87,   227.31,   605.14
  595.75,   229.43,   730.11
  600.54,   350.17,   478.06
  598.43,   352.29,   603.03
  596.31,   354.41,   727.99
  601.10,   475.15,   475.95
  598.99,   477.27,   600.92
  596.87,   479.39,   725.88
  350.84,   226.86,   601.71
  349.31,   226.01,   726.70
  347.78,   225.16,   851.69
  350.42,   351.85,   602.56
  348.90,   351.00,   727.54
  347.37,   350.15,   852.53
  350.01,   476.85,   603.40
  348.48,   476.00,   728.39
  346.96,   475.15,   853.38
  475.83,   227.26,   603.24
  474.30,   226.41,   728.23
  472.77,   225.56,   853.22
  475.41,   352.26,   604.09
  473.89,   351.41,   729.08
  472.36,   350.56,   854.06
  475.00,   477.25,   604.93
  473.47,   476.40,   729.92
  471.95,   475.55,   854.91
  600.82,   227.66,   604.77
  599.29,   226.81,   729.76
  597.76,   225.96,   854.75
  600.40,   352.66,   605.62
  598.88,   351.81,   730.61
  597.35,   350.96,   855.59
  599.99,   477.66,   606.46
  598.46,   476.81,   731.45
  596.94,   475.96,   856.44
  348.70,   348.40,   101.19
  350.86,   348.81,   226.17
  353.02,   349.21,   351.15
  351.46,   473.37,   100.74
  353.62,   473.78,   225.72
  355.78,   474.18,   350.70
  354.22,   598.34,   100.28
  356.38,   598.75,   225.26
  358.54,   599.15,   350.24
  473.65,   345.64,    99.04
  475.81,   346.04,   224.02
  477.97,   346.44,   349.00
  476.41,   470.60,    98.58
  478.57,   471.01,   223.56
  480.73,   471.41,   348.54
  479.17,   595.57,    98.13
  481.33,   595.98,   223.11
  483.49,   596.38,   348.09
  598.60,   342.87,    96.88
  600.76,   343.27,   221.86
  602.92,   343.67,   346.85
  601.36,   467.83,    96.43
  603.52,   468.24,   221.41
  605.68,   468.64,   346.39
  604.12,   592.80,    95.98
  606.28,   593.21,   220.96
  608.44,   593.61,   345.94
  349.30,   349.37,   226.63
  351.91,   347.14,   351.58
  354.51,   344.90,   476.54
  352.81,   474.30,   228.79
  355.41,   472.07,   353.75
  358.02,   469.83,   478.70
  356.32,   599.23,   230.95
  358.92,   597.00,   355.91
  361.53,   594.76,   480.86
  474.22,   345.91,   223.96
  476.83,   343.67,   348.92
  479.43,   341.44,   473.87
  477.73,   470.84,   226.13
  480.34,   468.60,   351.08
  482.94,   466.37,   476.03
  481.24,   595.77,   228.29
  483.85,   593.54,   353.24
  486.45,   591.30,   478.19
  599.15,   342.44,   221.30
  601.75,   340.21,   346.25
  604.36,   337.97,   471.20
  602.66,   467.38,   223.46
  605.26,   465.14,   348.41
  607.87,   462.91,   473.36
  606.17,   592.31,   225.62
  608.77,   590.07,   350.57
  611.38,   587.84,   475.52
  350.08,   351.98,   350.16
  351.02,   348.29,   475.10
  351.96,   344.61,   600.04
  346.61,   476.88,   353.87
  347.55,   473.19,   478.81
  348.49,   469.50,   603.75
  343.13,   601.77,   357.58
  344.08,   598.09,   482.52
  345.02,   594.40,   607.46
  475.03,   355.48,   349.32
  475.97,   351.79,   474.26
  476.91,   348.11,   599.20
  471.55,   480.38,   353.03
  472.50,   476.69,   477.97
  473.44,   473.00,   602.91
  468.08,   605.27,   356.74
  469.02,   601.59,   481.68
  469.97,   597.90,   606.62
  599.97,   358.98,   348.48
  600.92,   355.29,   473.42
  601.86,   351.61,   598.36
  596.50,   483.88,   352.19
  597.44,   480.19,   477.13
  598.39,   476.50,   602.07
  593.03,   608.77,   355.90
  593.97,   605.09,   480.84
  594.91,   601.40,   605.78
  348.61,   351.92,   473.40
  350.22,   351.40,   598.38
  351.82,   350.89,   723.37
  351.19,   476.89,   473.88
  352.80,   476.38,   598.87
  354.41,   475.86,   723.86
  353.78,   601.87,   474.36
  355.38,   601.35,   599.35
  356.99,   600.83,   724.34
  473.57,   349.35,   471.78
  475.18,   348.83,   596.77
  476.79,   348.31,   721.76
  476.16,   474.32,   472.26
  477.76,   473.80,   597.25
  479.37,   473.28,   722.24
  478.74,   599.29,   472.75
  480.35,   598.77,   597.74
  481.95,   598.26,   722.72
  598.54,   346.77,   470.16
  600.14,   346.25,   595.15
  601.75,   345.73,   720.14
  601.12,   471.74,   470.65
  602.73,   471.22,   595.63
  604.33,   470.71,   720.62
  603.70,   596.71,   471.13
  605.31,   596.20,   596.12
  606.92,   595.68,   721.11
  348.91,   350.04,   599.63
  347.81,   346.75,   724.58
  346.71,   343.46,   849.53
  345.23,   474.94,   602.88
  344.13,   471.66,   727.84
  343.03,   468.37,   852.79
  341.55,   599.85,   606.14
  340.45,   596.56,   731.09
  339.35,   593.27,   856.04
  473.85,   353.69,   600.82
  472.75,   350.40,   725.78
  471.65,   347.11,   850.73
  470.17,   478.60,   604.08
  469.07,   475.31,   729.03
  467.97,   472.02,   853.98
  466.49,   603.50,   607.34
  465.39,   600.21,   732.29
  464.29,   596.92,   857.24
  598.79,   357.34,   602.02
  597.69,   354.05,   726.97
  596.59,   350.76,   851.92
  595.11,   482.25,   605.28
  594.01,   478.96,   730.23
  592.91,   475.67,   855.18
  591.43,   607.15,   608.53
  590.33,   603.86,   733.48
  589.23,   600.57,   858.44
  351.87,   476.33,   100.98
  351.69,   479.81,   225.93
  351.52,   483.30,   350.88
  348.24,   601.23,    97.49
  348.06,   604.71,   222.44
  347.89,   608.19,   347.39
  344.61,   726.12,    94.00
  344.43,   729.61,   218.95
  344.26,   733.09,   343.90
  476.81,   479.96,   101.05
  476.64,   483.45,   226.00
  476.47,   486.93,   350.95
  473.18,   604.86,    97.56
  473.01,   608.34,   222.51
  472.84,   611.83,   347.46
  469.55,   729.76,    94.07
  469.38,   733.24,   219.02
  469.21,   736.73,   343.98
  601.76,   483.59,   101.12
  601.59,   487.08,   226.07
  601.41,   490.56,   351.02
  598.13,   608.49,    97.63
  597.96,   611.98,   222.58
  597.78,   615.46,   347.54
  594.50,   733.39,    94.15
  594.33,   736.88,   219.10
  594.15,   740.36,   344.05
  349.12,   476.42,   226.58
  352.50,   477.96,   351.52
  355.88,   479.50,   476.47
  350.17,   601.40,   225.01
  353.55,   602.94,   349.95
  356.93,   604.49,   474.90
  351.22,   726.39,   223.44
  354.60,   727.93,   348.38
  357.98,   729.47,   473.33
  474.07,   475.33,   223.21
  477.45,   476.87,   348.16
  480.83,   478.41,   473.10
  475.12,   600.31,   221.64
  478.50,   601.85,   346.59
  481.88,   603.40,   471.53
  476.17,   725.30,   220.07
  479.55,   726.84,   345.02
  482.93,   728.38,   469.96
  599.02,   474.24,   219.84
  602.40,   475.78,   344.79
  605.78,   477.32,   469.73
  600.07,   599.22,   218.27
  603.45,   600.76,   343.22
  606.83,   602.30,   468.16
  601.12,   724.21,   216.70
  604.50,   725.75,   341.65
  607.88,   727.29,   466.59
  351.40,   474.76,   350.38
  348.29,   471.92,   475.31
  345.18,   469.08,   600.23
  352.12,   599.72,   353.23
  349.01,   596.89,   478.16
  345.90,   594.05,   603.09
  352.84,   724.69,   356.09
  349.73,   721.85,   481.02
  346.62,   719.01,   605.95
  476.36,   473.96,   353.47
  473.25,   471.13,   478.40
  470.14,   468.29,   603.33
  477.08,   598.93,   356.33
  473.97,   596.09,   481.26
  470.86,   593.25,   606.19
  477.80,   723.89,   359.19
  474.69,   721.06,   484.11
  471.58,   718.22,   609.04
  601.31,   473.17,   356.56
  598.20,   470.33,   481.49
  595.09,   467.49,   606.42
  602.04,   598.14,   359.42
  598.93,   595.30,   484.35
  595.82,   592.46,   609.28
  602.76,   723.10,   362.28
  599.65,   720.26,   487.21
  596.54,   717.42,   612.14
  349.94,   473.54,   473.74
  352.49,   473.64,   598.72
  355.03,   473.74,   723.69
  347.89,   598.52,   473.68
  350.44,   598.62,   598.66
  352.98,   598.72,   723.63
  345.84,   723.50,   473.62
  348.39,   723.61,   598.60
  350.93,   723.71,   723.57
  474.90,   475.59,   471.20
  477.44,   475.69,   596.17
  479.99,   475.79,   721.15
  472.85,   600.57,   471.14
  475.39,   600.67,   596.11
  477.94,   600.77,   721.09
  470.80,   725.55,   471.08
  473.35,   725.65,   596.05
  475.89,   725.75,   721.03
  599.86,   477.63,   468.65
  602.40,   477.74,   593.63
  604.95,   477.84,   718.60
  597.81,   602.62,   468.59
  600.35,   602.72,   593.57
  602.90,   602.82,   718.54
  595.76,   727.60,   468.53
  598.30,   727.70,   593.51
  600.85,   727.80,   718.48
  351.27,   475.86,   601.23
  354.65,   476.33,   726.18
  358.03,   476.79,   851.13
  349.23,   600.84,   600.82
  352.61,   601.31,   725.77
  355.99,   601.77,   850.72
  347.18,   725.83,   600.41
  350.56,   726.29,   725.36
  353.94,   726.76,   850.31
  476.21,   477.90,   597.84
  479.59,   478.36,   722.79
  482.97,   478.82,   847.75
  474.17,   602.88,   597.43
  477.54,   603.34,   722.38
  480.92,   603.81,   847.34
  472.12,   727.86,   597.02
  475.50,   728.32,   721.97
  478.88,   728.79,   846.93
  601.15,   479.93,   594.45
  604.53,   480.39,   719.41
  607.91,   480.86,   844.36
  599.10,   604.91,   594.04
  602.48,   605.38,   719.00
  605.86,   605.84,   843.95
  597.06,   729.89,   593.64
  600.44,   730.36,   718.59
  603.82,   730.82,   843.54
  351.73,   599.10,    99.14
  354.11,   598.95,   224.11
  356.49,   598.79,   349.09
  351.80,   724.10,    99.29
  354.19,   723.95,   224.27
  356.57,   723.79,   349.25
  351.88,   849.10,    99.45
  354.26,   848.95,   224.42
  356.64,   848.79,   349.40
  476.70,   599.03,    96.76
  479.09,   598.87,   221.73
  481.47,   598.71,   346.71
  476.78,   724.03,    96.91
  479.16,   723.87,   221.89
  481.54,   723.71,   346.87
  476.86,   849.03,    97.07
  479.24,   848.87,   222.04
  481.62,   848.71,   347.02
  601.68,   598.95,    94.38
  604.06,   598.80,   219.35
  606.44,   598.64,   344.33
  601.76,   723.95,    94.53
  604.14,   723.80,   219.51
  606.52,   723.64,   344.48
  601.84,   848.95,    94.69
  604.22,   848.80,   219.66
  606.60,   848.64,   344.64
  350.16,   600.55,   225.89
  346.44,   603.14,   350.81
  342.71,   605.72,   475.73
  349.22,   725.52,   223.28
  345.49,   728.11,   348.20
  341.77,   730.69,   473.12
  348.27,   850.49,   220.67
  344.55,   853.07,   345.59
  340.82,   855.66,   470.51
  475.10,   601.58,   229.60
  471.38,   604.16,   354.52
  467.65,   606.74,   479.43
  474.16,   726.55,   226.99
  470.43,   729.13,   351.91
  466.71,   731.71,   476.82
  473.21,   851.52,   224.38
  469.49,   854.10,   349.29
  465.76,   856.68,   474.21
  600.05,   602.60,   233.30
  596.32,   605.18,   358.22
  592.59,   607.76,   483.14
  599.10,   727.57,   230.69
  595.37,   730.15,   355.61
  591.65,   732.73,   480.53
  598.15,   852.54,   228.08
  594.43,   855.12,   353.00
  590.70,   857.70,   477.92
  351.53,   600.22,   351.81
  351.82,   602.99,   476.78
  352.12,   605.76,   601.75
  352.38,   725.19,   349.04
  352.67,   727.95,   474.01
  352.97,   730.72,   598.98
  353.22,   850.15,   346.27
  353.52,   852.92,   471.24
  353.81,   855.69,   596.21
  476.52,   599.36,   351.53
  476.82,   602.13,   476.50
  477.12,   604.90,   601.47
  477.37,   724.33,   348.76
  477.67,   727.10,   473.73
  477.96,   729.87,   598.70
  478.22,   849.30,   345.99
  478.52,   852.07,   470.96
  478.81,   854.83,   595.93
  601.52,   598.51,   351.26
  601.82,   601.28,   476.22
  602.11,   604.05,   601.19
  602.37,   723.48,   348.49
  602.67,   726.25,   473.45
  602.96,   729.01,   598.42
  603.22,   848.44,   345.71
  603.51,   851.21,   470.68
  603.81,   853.98,   595.65
  351.55,   601.14,   473.45
  352.32,   601.37,   598.45
  353.09,   601.59,   723.45
  354.93,   726.10,   473.21
  355.70,   726.32,   598.21
  356.46,   726.54,   723.20
  358.30,   851.05,   472.96
  359.07,   851.27,   597.96
  359.84,   851.50,   722.96
  476.50,   597.76,   472.69
  477.27,   597.99,   597.69
  478.04,   598.21,   722.69
  479.88,   722.72,   472.45
  480.65,   722.94,   597.44
  481.42,   723.17,   722.44
  483.26,   847.67,   472.20
  484.02,   847.90,   597.20
  484.79,   848.12,   722.20
  601.45,   594.39,   471.93
  602.22,   594.61,   596.93
  602.99,   594.83,   721.92
  604.83,   719.34,   471.68
  605.60,   719.56,   596.68
  606.37,   719.79,   721.68
  608.21,   844.29,   471.44
  608.98,   844.52,   596.44
  609.74,   844.74,   721.43
  350.72,   601.09,   601.40
  353.34,   601.71,   726.37
  355.95,   602.33,   851.34
  349.70,   726.09,   600.80
  352.32,   726.71,   725.77
  354.94,   727.33,   850.74
  348.68,   851.08,   600.20
  351.30,   851.70,   725.17
  353.92,   852.32,   850.14
  475.68,   602.10,   598.77
  478.30,   602.72,   723.74
  480.92,   603.34,   848.72
  474.67,   727.09,   598.17
  477.28,   727.71,   723.15
  479.90,   728.33,   848.12
  473.65,   852.09,   597.58
  476.27,   852.71,   722.55
  478.88,   853.33,   847.52
  600.65,   603.10,   596.15
  603.27,   603.72,   721.12
  605.89,   604.34,   846.09
  599.63,   728.10,   595.55
  602.25,   728.72,   720.52
  604.87,   729.34,   845.49
  598.62,   853.09,   594.95
  601.23,   853.71,   719.92
  603.85,   854.33,   844.89
  473.44,   100.83,   101.36
  472.18,   103.85,   226.32
  470.92,   106.88,   351.28
  476.30,   225.76,    98.36
  475.05,   228.79,   223.32
  473.79,   231.81,   348.28
  479.17,   350.69,    95.37
  477.91,   353.72,   220.32
  476.66,   356.74,   345.28
  598.40,    97.99,   102.69
  597.14,   101.02,   227.64
  595.88,   104.05,   352.60
  601.26,   222.92,    99.69
  600.01,   225.95,   224.65
  598.75,   228.98,   349.60
  604.13,   347.85,    96.69
  602.87,   350.88,   221.65
  601.62,   353.91,   346.61
  723.36,    95.16,   104.01
  722.10,    98.18,   228.97
  720.84,   101.21,   353.93
  726.22,   220.09,   101.02
  724.97,   223.11,   225.97
  723.71,   226.14,   350.93
  729.09,   345.02,    98.02
  727.83,   348.05,   222.97
  726.58,   351.07,   347.93
  473.19,   101.61,   224.33
  476.36,   102.11,   349.29
  479.53,   102.61,   474.25
  474.09,   226.60,   223.81
  477.25,   227.10,   348.77
  480.42,   227.61,   473.73
  474.98,   351.60,   223.28
  478.15,   352.10,   348.24
  481.31,   352.60,   473.20
  598.15,   100.70,   221.17
  601.32,   101.20,   346.13
  604.48,   101.70,   471.09
  599.05,   225.70,   220.65
  602.21,   226.20,   345.61
  605.38,   226.70,   470.56
  599.94,   350.69,   220.12
  603.11,   351.19,   345.08
  606.27,   351.69,   470.04
  723.11,    99.79,   218.01
  726.27,   100.29,   342.97
  729.44,   100.80,   467.93
  724.00,   224.79,   217.48
  727.17,   225.29,   342.44
  730.33,   225.79,   467.40
  724.90,   349.78,   216.96
  728.06,   350.29,   341.92
  731.23,   350.79,   466.88
  476.11,   101.43,   350.53
  473.32,   103.27,   475.48
  470.53,   105.11,   600.44
  473.17,   226.38,   348.62
  470.38,   228.22,   473.58
  467.59,   230.06,   598.53
  470.24,   351.33,   346.72
  467.45,   353.17,   471.67
  464.66,   355.01,   596.63
  601.04,   104.40,   353.27
  598.25,   106.25,   478.23
  595.46,   108.09,   603.19
  598.11,   229.36,   351.37
  595.32,   231.20,   476.32
  592.53,   233.04,   601.28
  595.17,   354.31,   349.46
  592.38,   356.15,   474.42
  589.59,   357.99,   599.37
  725.98,   107.38,   356.02
  723.19,   109.22,   480.98
  720.40,   111.06,   605.93
  723.04,   232.33,   354.12
  720.25,   234.17,   479.07
  717.46,   236.01,   604.03
  720.11,   357.28,   352.21
  717.32,   359.12,   477.16
  714.53,   360.96,   602.12
  473.07,   101.48,   475.32
  475.64,   102.26,   600.29
  478.21,   103.04,   725.26
  475.53,   226.45,   474.49
  478.10,   227.23,   599.46
  480.67,   228.01,   724.43
  477.99,   351.42,   473.65
  480.56,   352.20,   598.62
  483.13,   352.99,   723.60
  598.02,    99.00,   472.76
  600.59,    99.78,   597.74
  603.16,   100.56,   722.71
  600.48,   223.97,   471.93
  603.05,   224.75,   596.90
  605.62,   225.54,   721.87
  602.94,   348.94,   471.10
  605.51,   349.73,   596.07
  608.08,   350.51,   721.04
  722.97,    96.52,   470.21
  725.54,    97.30,   595.18
  728.11,    98.08,   720.15
  725.43,   221.49,   469.38
  728.00,   222.28,   594.35
  730.57,   223.06,   719.32
  727.89,   346.47,   468.55
  730.46,   347.25,   593.52
  733.03,   348.03,   718.49
  476.46,   101.80,   601.11
  476.01,   103.74,   726.10
  475.57,   105.69,   851.08
  480.18,   226.73,   599.18
  479.74,   228.67,   724.17
  479.29,   230.62,   849.15
  483.91,   351.66,   597.26
  483.46,   353.60,   722.24
  483.01,   355.55,   847.22
  601.40,    98.09,   601.62
  600.96,   100.03,   726.60
  600.51,   101.97,   851.59
  605.13,   223.01,   599.69
  604.68,   224.96,   724.67
  604.23,   226.90,   849.66
  608.85,   347.94,   597.76
  608.40,   349.89,   722.74
  607.96,   351.83,   847.73
  726.35,    94.37,   602.12
  725.90,    96.31,   727.11
  725.45,    98.25,   852.09
  730.07,   219.30,   600.19
  729.62,   221.24,   725.18
  729.18,   223.18,   850.16
  733.80,   344.23,   598.27
  733.35,   346.17,   723.25
  732.90,   348.11,   848.23
  473.20,   226.08,   100.99
  476.09,   223.22,   225.92
  478.99,   220.37,   350.86
  475.73,   351.02,   103.78
  478.62,   348.16,   228.72
  481.52,   345.31,   353.65
  478.26,   475.96,   106.58
  481.16,   473.11,   231.51
  484.05,   470.25,   356.45
  598.14,   223.61,    98.04
  601.03,   220.76,   222.97
  603.93,   217.90,   347.91
  600.67,   348.55,   100.83
  603.56,   345.70,   225.77
  606.46,   342.84,   350.70
  603.20,   473.50,   103.63
  606.10,   470.64,   228.56
  608.99,   467.79,   353.50
  723.08,   221.14,    95.09
  725.97,   218.29,   220.02
  728.87,   215.44,   344.96
  725.61,   346.09,    97.88
  728.51,   343.23,   222.82
  731.40,   340.38,   347.75
  728.14,   471.03,   100.68
  731.04,   468.18,   225.61
  733.93,   465.32,   350.55
  474.81,   224.20,   225.90
  477.88,   225.82,   350.85
  480.95,   227.45,   475.80
  476.04,   349.19,   224.25
  479.12,   350.81,   349.20
  482.19,   352.43,   474.15
  477.28,   474.17,   222.60
  480.36,   475.79,   347.55
  483.43,   477.41,   472.50
  599.76,   222.93,   222.84
  602.84,   224.55,   347.79
  605.91,   226.17,   472.75
  601.00,   347.91,   221.19
  604.07,   349.53,   346.14
  607.15,   351.15,   471.10
  602.24,   472.89,   219.54
  605.31,   474.51,   344.49
  608.39,   476.13,   469.44
  724.72,   221.65,   219.79
  727.79,   223.27,   344.74
  730.87,   224.89,   469.69
  725.96,   346.63,   218.13
  729.03,   348.25,   343.09
  732.10,   349.87,   468.04
  727.19,   471.61,   216.48
  730.27,   473.23,   341.43
  733.34,   474.85,   466.39
  474.30,   224.48,   350.82
  475.00,   225.53,   475.81
  475.70,   226.58,   600.81
  476.84,   349.45,   349.76
  477.54,   350.50,   474.75
  478.24,   351.55,   599.75
  479.38,   474.42,   348.70
  480.08,   475.47,   473.69
  480.78,   476.51,   598.69
  599.28,   221.94,   350.14
  599.98,   222.98,   475.14
  600.68,   224.03,   600.13
  601.82,   346.91,   349.08
  602.51,   347.95,   474.08
  603.21,   349.00,   599.07
  604.35,   471.88,   348.02
  605.05,   472.92,   473.02
  605.75,   473.97,   598.01
  724.25,   219.39,   349.47
  724.95,   220.44,   474.46
  725.65,   221.49,   599.45
  726.79,   344.36,   348.40
  727.49,   345.41,   473.40
  728.19,   346.46,   598.39
  729.33,   469.33,   347.34
  730.02,   470.38,   472.34
  730.72,   471.43,   597.33
  476.27,   225.51,   473.09
  474.45,   228.17,   598.05
  472.63,   230.82,   723.01
  477.74,   350.48,   470.46
  475.92,   353.13,   595.42
  474.10,   355.79,   720.38
  479.20,   475.44,   467.82
  477.38,   478.10,   592.78
  475.56,   480.75,   717.74
  601.25,   224.09,   474.95
  599.43,   226.74,   599.90
  597.61,   229.40,   724.86
  602.72,   349.05,   472.31
  600.90,   351.71,   597.27
  599.08,   354.36,   722.23
  604.18,   474.02,   469.68
  602.36,   476.67,   594.63
  600.54,   479.33,   719.59
  726.23,   222.66,   476.80
  724.41,   225.32,   601.75
  722.59,   227.98,   726.71
  727.69,   347.63,   474.16
  725.87,   350.28,   599.12
  724.05,   352.94,   724.08
  729.16,   472.59,   471.53
  727.34,   475.25,   596.48
  725.52,   477.90,   721.44
  475.41,   226.34,   598.19
  472.58,   224.43,   723.14
  469.76,   222.51,   848.09
  477.60,   351.31,   600.15
  474.77,   349.39,   725.11
  471.95,   347.48,   850.06
  479.79,   476.27,   602.12
  476.97,   474.36,   727.07
  474.14,   472.44,   852.02
  600.36,   224.11,   600.98
  597.53,   222.19,   725.93
  594.71,   220.28,   850.89
  602.55,   349.07,   602.94
  599.72,   347.16,   727.90
  596.90,   345.24,   852.85
  604.74,   474.04,   604.91
  601.91,   472.12,   729.86
  599.09,   470.21,   854.81
  725.30,   221.87,   603.77
  722.48,   219.96,   728.72
  719.65,   218.04,   853.68
  727.50,   346.84,   605.73
  724.67,   344.92,   730.69
  721.85,   343.01,   855.64
  729.69,   471.80,   607.70
  726.86,   469.89,   732.65
  724.04,   467.97,   857.60
  474.12,   348.59,   101.68
  470.92,   350.56,   226.63
  467.72,   352.52,   351.57
  473.32,   473.57,    99.70
  470.12,   475.54,   224.64
  466.92,   477.51,   349.58
  472.52,   598.56,    97.71
  469.32,   600.52,   222.65
  466.12,   602.49,   347.60
  599.08,   349.44,   104.87
  595.88,   351.41,   229.82
  592.68,   353.38,   354.76
  598.28,   474.43,   102.88
  595.08,   476.39,   227.83
  591.88,   478.36,   352.77
  597.48,   599.41,   100.90
  594.28,   601.37,   225.84
  591.08,   603.34,   350.78
  724.04,   350.29,   108.06
  720.84,   352.26,   233.00
  717.64,   354.23,   357.95
  723.24,   475.28,   106.07
  720.04,   477.24,   231.02
  716.84,   479.21,   355.96
  722.44,   600.26,   104.08
  719.23,   602.22,   229.03
  716.03,   604.19,   353.97
  473.47,   350.24,   224.63
  470.89,   350.75,   349.60
  468.31,   351.25,   474.57
  472.72,   475.24,   224.11
  470.14,   475.75,   349.08
  467.56,   476.25,   474.05
  471.97,   600.24,   223.59
  469.39,   600.74,   348.56
  466.81,   601.25,   473.53
  598.44,   351.00,   227.21
  595.86,   351.51,   352.18
  593.28,   352.01,   477.15
  597.69,   476.00,   226.69
  595.11,   476.51,   351.66
  592.53,   477.01,   476.63
  596.94,   601.00,   226.17
  594.36,   601.50,   351.14
  591.78,   602.01,   476.11
  723.41,   351.77,   229.79
  720.83,   352.27,   354.76
  718.25,   352.77,   479.73
  722.66,   476.76,   229.27
  720.08,   477.27,   354.24
  717.50,   477.77,   479.21
  721.91,   601.76,   228.75
  719.33,   602.26,   353.72
  716.75,   602.77,   478.69
  473.43,   349.15,   349.86
  470.65,   346.37,   474.80
  467.87,   343.60,   599.74
  475.73,   474.10,   352.69
  472.95,   471.32,   477.63
  470.17,   468.54,   602.57
  478.03,   599.05,   355.52
  475.25,   596.27,   480.46
  472.48,   593.49,   605.40
  598.37,   346.79,   352.59
  595.60,   344.01,   477.53
  592.82,   341.23,   602.47
  600.68,   471.74,   355.42
  597.90,   468.96,   480.36
  595.12,   466.18,   605.29
  602.98,   596.68,   358.25
  600.20,   593.90,   483.19
  597.42,   591.13,   608.12
  723.32,   344.42,   355.31
  720.55,   341.65,   480.25
  717.77,   338.87,   605.19
  725.62,   469.37,   358.14
  722.85,   466.59,   483.08
  720.07,   463.82,   608.02
  727.93,   594.32,   360.97
  725.15,   591.54,   485.91
  722.37,   588.76,   610.85
  474.42,   350.52,   476.49
  471.14,   347.00,   601.39
  467.86,   343.48,   726.30
  473.62,   475.47,   479.99
  470.34,   471.95,   604.89
  467.06,   468.42,   729.80
  472.83,   600.42,   483.49
  469.55,   596.90,   608.40
  466.27,   593.37,   733.30
  599.37,   351.22,   479.79
  596.09,   347.70,   604.69
  592.81,   344.18,   729.60
  598.58,   476.17,   483.29
  595.30,   472.65,   608.20
  592.02,   469.13,   733.10
  597.78,   601.12,   486.79
  594.50,   597.60,   611.70
  591.22,   594.08,   736.61
  724.33,   351.93,   483.09
  721.05,   348.40,   608.00
  717.77,   344.88,   732.90
  723.53,   476.87,   486.59
  720.25,   473.35,   611.50
  716.97,   469.83,   736.41
  722.74,   601.82,   490.09
  719.46,   598.30,   615.00
  716.18,   594.78,   739.91
  473.12,   349.54,   600.09
  470.93,   346.22,   725.02
  468.73,   342.89,   849.96
  475.55,   474.47,   603.45
  473.36,   471.15,   728.39
  471.17,   467.83,   853.33
  477.99,   599.40,   606.82
  475.79,   596.08,   731.75
  473.60,   592.76,   856.69
  598.07,   347.05,   602.21
  595.88,   343.72,   727.15
  593.69,   340.40,   852.09
  600.51,   471.98,   605.58
  598.32,   468.66,   730.51
  596.13,   465.33,   855.45
  602.94,   596.91,   608.94
  600.75,   593.59,   733.88
  598.56,   590.26,   858.82
  723.03,   344.56,   604.34
  720.84,   341.23,   729.27
  718.65,   337.91,   854.21
  725.47,   469.49,   607.70
  723.27,   466.16,   732.64
  721.08,   462.84,   857.58
  727.90,   594.42,   611.07
  725.71,   591.09,   736.00
  723.52,   587.77,   860.94
  473.28,   474.86,   101.34
  470.30,   474.24,   226.31
  467.32,   473.61,   351.27
  473.29,   599.86,   101.96
  470.31,   599.24,   226.93
  467.33,   598.61,   351.89
  473.30,   724.86,   102.59
  470.32,   724.23,   227.55
  467.34,   723.61,   352.51
  598.24,   474.83,   104.32
  595.26,   474.21,   229.28
  592.28,   473.59,   354.25
  598.25,   599.83,   104.94
  595.27,   599.21,   229.91
  592.29,   598.59,   354.87
  598.26,   724.83,   105.57
  595.28,   724.21,   230.53
  592.30,   723.59,   355.49
  723.21,   474.81,   107.30
  720.23,   474.19,   232.26
  717.25,   473.57,   357.22
  723.22,   599.81,   107.92
  720.24,   599.19,   232.88
  717.26,   598.56,   357.85
  723.23,   724.81,   108.54
  720.25,   724.18,   233.51
  717.27,   723.56,   358.47
  476.96,   475.98,   226.48
  473.56,   475.77,   351.44
  470.17,   475.57,   476.39
  474.79,   600.96,   226.63
  471.39,   600.75,   351.58
  468.00,   600.55,   476.54
  472.62,   725.94,   226.77
  469.22,   725.74,   351.73
  465.83,   725.53,   476.68
  601.89,   478.14,   229.88
  598.50,   477.94,   354.84
  595.10,   477.74,   479.79
  599.72,   603.12,   230.03
  596.33,   602.92,   354.98
  592.93,   602.72,   479.93
  597.55,   728.10,   230.17
  594.16,   727.90,   355.13
  590.76,   727.70,   480.08
  726.83,   480.31,   233.28
  723.43,   480.11,   358.24
  720.04,   479.90,   483.19
  724.66,   605.29,   233.43
  721.26,   605.09,   358.38
  717.87,   604.88,   483.33
  722.49,   730.27,   233.57
  719.09,   730.07,   358.52
  715.70,   729.86,   483.48
  476.32,   474.62,   350.54
  473.15,   474.86,   475.50
  469.98,   475.10,   600.46
  478.71,   599.60,   350.37
  475.54,   599.84,   475.32
  472.38,   600.08,   600.28
  481.11,   724.58,   350.19
  477.94,   724.82,   475.15
  474.77,   725.06,   600.11
  601.25,   472.23,   353.72
  598.08,   472.47,   478.68
  594.91,   472.71,   603.64
  603.65,   597.21,   353.54
  600.48,   597.45,   478.50
  597.31,   597.69,   603.46
  606.05,   722.18,   353.36
  602.88,   722.42,   478.32
  599.71,   722.66,   603.28
  726.19,   469.84,   356.89
  723.02,   470.08,   481.85
  719.85,   470.32,   606.81
  728.59,   594.81,   356.71
  725.42,   595.05,   481.67
  722.25,   595.29,   606.63
  730.99,   719.79,   356.53
  727.82,   720.03,   481.49
  724.65,   720.27,   606.45
  475.30,   474.10,   474.81
  472.82,   474.14,   599.78
  470.34,   474.18,   724.76
  476.04,   599.10,   474.78
  473.55,   599.14,   599.76
  471.07,   599.18,   724.73
  476.77,   724.10,   474.76
  474.29,   724.14,   599.73
  471.80,   724.18,   724.71
  600.28,   473.37,   477.29
  597.79,   473.41,   602.27
  595.31,   473.45,   727.24
  601.01,   598.37,   477.27
  598.53,   598.41,   602.24
  596.04,   598.45,   727.22
  601.74,   723.37,   477.24
  599.26,   723.41,   602.22
  596.78,   723.45,   727.19
  725.25,   472.64,   479.78
  722.77,   472.68,   604.75
  720.28,   472.72,   729.73
  725.98,   597.64,   479.75
  723.50,   597.68,   604.73
  721.02,   597.72,   729.70
  726.72,   722.63,   479.73
  724.23,   722.67,   604.70
  721.75,   722.71,   729.68
  474.16,   474.14,   601.76
  477.20,   473.23,   726.72
  480.23,   472.32,   851.68
  477.31,   599.10,   602.59
  480.35,   598.19,   727.55
  483.38,   597.27,   852.51
  480.46,   724.06,   603.43
  483.50,   723.14,   728.39
  486.53,   722.23,   853.35
  599.08,   471.02,   598.70
  602.12,   470.10,   723.66
  605.16,   469.19,   848.62
  602.23,   595.97,   599.53
  605.27,   595.06,   724.49
  608.31,   594.14,   849.45
  605.38,   720.93,   600.37
  608.42,   720.02,   725.33
  611.46,   719.10,   850.29
  724.01,   467.89,   595.64
  727.04,   466.97,   720.60
  730.08,   466.06,   845.56
  727.16,   592.85,   596.48
  730.19,   591.93,   721.44
  733.23,   591.02,   846.40
  730.31,   717.80,   597.31
  733.34,   716.89,   722.27
  736.38,   715.97,   847.23
  475.90,   601.11,    99.70
  476.48,   601.32,   224.70
  477.06,   601.52,   349.70
  476.42,   726.11,    99.50
  477.00,   726.32,   224.50
  477.58,   726.52,   349.50
  476.94,   851.11,    99.29
  477.52,   851.31,   224.29
  478.10,   851.52,   349.29
  600.90,   600.59,    99.13
  601.48,   600.80,   224.13
  602.06,   601.00,   349.12
  601.42,   725.59,    98.92
  602.00,   725.80,   223.92
  602.58,   726.00,   348.92
  601.94,   850.59,    98.72
  602.52,   850.80,   223.71
  603.09,   851.00,   348.71
  725.90,   600.07,    98.55
  726.48,   600.28,   223.55
  727.05,   600.48,   348.55
  726.42,   725.07,    98.34
  726.99,   725.28,   223.34
  727.57,   725.48,   348.34
  726.94,   850.07,    98.14
  727.51,   850.28,   223.14
  728.09,   850.48,   348.14
  475.85,   599.07,   225.68
  476.92,   600.35,   350.67
  477.98,   601.64,   475.66
  476.46,   724.06,   224.39
  477.53,   725.34,   349.38
  478.59,   726.63,   474.37
  477.07,   849.05,   223.10
  478.14,   850.34,   348.09
  479.20,   851.62,   473.08
  600.84,   598.45,   224.62
  601.91,   599.73,   349.61
  602.98,   601.01,   474.60
  601.45,   723.44,   223.33
  602.52,   724.72,   348.32
  603.59,   726.01,   473.31
  602.07,   848.43,   222.04
  603.13,   849.71,   347.03
  604.20,   851.00,   472.02
  725.84,   597.83,   223.56
  726.90,   599.11,   348.55
  727.97,   600.39,   473.54
  726.45,   722.82,   222.27
  727.51,   724.10,   347.26
  728.58,   725.38,   472.25
  727.06,   847.81,   220.98
  728.13,   849.09,   345.97
  729.19,   850.38,   470.96
  476.52,   601.04,   348.67
  473.51,   602.17,   473.63
  470.51,   603.30,   598.58
  475.10,   726.03,   347.50
  472.09,   727.16,   472.46
  469.09,   728.29,   597.42
  473.68,   851.01,   346.34
  470.67,   852.14,   471.29
  467.67,   853.27,   596.25
  601.48,   602.49,   351.66
  598.47,   603.62,   476.62
  595.46,   604.75,   601.58
  600.06,   727.47,   350.49
  597.05,   728.61,   475.45
  594.04,   729.74,   600.41
  598.64,   852.46,   349.33
  595.63,   853.59,   474.29
  592.62,   854.72,   599.25
  726.43,   603.94,   354.65
  723.43,   605.07,   479.61
  720.42,   606.20,   604.57
  725.01,   728.92,   353.49
  722.01,   730.05,   478.45
  719.00,   731.18,   603.41
  723.59,   853.91,   352.32
  720.59,   855.04,   477.28
  717.58,   856.17,   602.24
  476.70,   598.68,   475.06
  477.81,   602.37,   600.00
  478.91,   606.07,   724.94
  479.24,   723.60,   471.34
  480.35,   727.29,   596.28
  481.46,   730.99,   721.22
  481.79,   848.52,   467.62
  482.90,   852.21,   592.57
  484.01,   855.91,   717.51
  601.67,   596.10,   474.02
  602.77,   599.80,   598.96
  603.88,   603.49,   723.90
  604.21,   721.02,   470.31
  605.32,   724.71,   595.25
  606.43,   728.41,   720.19
  606.76,   845.94,   466.59
  607.87,   849.63,   591.53
  608.98,   853.33,   716.47
  726.63,   593.52,   472.99
  727.74,   597.22,   597.93
  728.85,   600.91,   722.87
  729.18,   718.44,   469.27
  730.29,   722.13,   594.21
  731.40,   725.83,   719.16
  731.73,   843.36,   465.56
  732.84,   847.05,   590.50
  733.95,   850.75,   715.44
  473.66,   598.17,   600.27
  475.96,   594.67,   725.20
  478.27,   591.17,   850.13
  471.16,   723.10,   603.81
  473.47,   719.60,   728.74
  475.78,   716.10,   853.67
  468.67,   848.02,   607.36
  470.98,   844.52,   732.29
  473.28,   841.02,   857.22
  598.61,   600.73,   598.03
  600.92,   597.23,   722.96
  603.23,   593.73,   847.89
  596.12,   725.65,   601.58
  598.42,   722.15,   726.51
  600.73,   718.66,   851.44
  593.62,   850.58,   605.12
  595.93,   847.08,   730.05
  598.24,   843.58,   854.98
  723.56,   603.29,   595.80
  725.87,   599.79,   720.73
  728.18,   596.29,   845.66
  721.07,   728.21,   599.34
  723.38,   724.71,   724.27
  725.69,   721.21,   849.20
  718.58,   853.14,   602.89
  720.88,   849.64,   727.82
  723.19,   846.14,   852.75
  599.72,    99.04,   100.79
  602.81,   102.05,   225.72
  605.90,   105.06,   350.65
  599.89,   224.01,    97.78
  602.99,   227.02,   222.71
  606.08,   230.02,   347.63
  600.07,   348.97,    94.77
  603.17,   351.98,   219.69
  606.26,   354.99,   344.62
  724.68,    98.79,    97.71
  727.77,   101.80,   222.63
  730.87,   104.81,   347.56
  724.86,   223.75,    94.69
  727.95,   226.76,   219.62
  731.04,   229.77,   344.54
  725.04,   348.72,    91.68
  728.13,   351.73,   216.60
  731.22,   354.73,   341.53
  849.64,    98.54,    94.62
  852.73,   101.54,   219.54
  855.83,   104.55,   344.47
  849.82,   223.50,    91.60
  852.91,   226.51,   216.53
  856.01,   229.52,   341.45
  850.00,   348.46,    88.59
  853.09,   351.47,   213.51
  856.19,   354.48,   338.44
  599.96,    98.86,   225.57
  597.39,    99.39,   350.54
  594.83,    99.91,   475.52
  600.27,   223.86,   225.05
  597.70,   224.39,   350.02
  595.13,   224.91,   475.00
  600.57,   348.86,   224.53
  598.01,   349.38,   349.51
  595.44,   349.91,   474.48
  724.93,    98.57,   228.14
  722.37,    99.09,   353.11
  719.80,    99.62,   478.08
  725.24,   223.57,   227.62
  722.67,   224.09,   352.59
  720.11,   224.61,   477.56
  725.54,   348.56,   227.10
  722.98,   349.09,   352.07
  720.41,   349.61,   477.05
  849.91,    98.27,   230.70
  847.34,    98.80,   355.68
  844.77,    99.32,   480.65
  850.21,   223.27,   230.19
  847.65,   223.79,   355.16
  845.08,   224.32,   480.13
  850.52,   348.27,   229.67
  847.95,   348.79,   354.64
  845.39,   349.32,   479.61
  601.38,    98.26,   351.93
  602.78,   101.80,   476.87
  604.18,   105.33,   601.81
  598.57,   223.18,   348.43
  599.96,   226.72,   473.37
  601.36,   230.25,   598.31
  595.75,   348.10,   344.93
  597.15,   351.63,   469.87
  598.55,   355.17,   594.81
  726.34,   101.04,   350.45
  727.74,   104.57,   475.39
  729.14,   108.10,   600.34
  723.53,   225.96,   346.95
  724.93,   229.49,   471.89
  726.32,   233.02,   596.84
  720.71,   350.88,   343.45
  722.11,   354.41,   468.39
  723.51,   357.94,   593.34
  851.30,   103.81,   348.97
  852.70,   107.34,   473.92
  854.10,   110.88,   598.86
  848.49,   228.73,   345.47
  849.89,   232.26,   470.41
  851.29,   235.80,   595.36
  845.67,   353.65,   341.97
  847.07,   357.18,   466.91
  848.47,   360.72,   591.86
  599.74,    99.88,   476.83
  598.81,   102.04,   601.81
  597.87,   104.20,   726.79
  600.06,   224.86,   474.68
  599.12,   227.02,   599.65
  598.19,   229.18,   724.63
  600.38,   349.84,   472.52
  599.44,   352.00,   597.50
  598.51,   354.16,   722.47
  724.74,    99.58,   477.77
  723.80,   101.74,   602.75
  722.87,   103.90,   727.73
  725.05,   224.56,   475.61
  724.12,   226.72,   600.59
  723.19,   228.88,   725.57
  725.37,   349.54,   473.46
  724.44,   351.70,   598.44
  723.50,   353.86,   723.41
  849.73,    99.28,   478.71
  848.80,   101.44,   603.69
  847.86,   103.60,   728.67
  850.05,   224.26,   476.55
  849.12,   226.42,   601.53
  848.18,   228.58,   726.51
  850.37,   349.24,   474.40
  849.43,   351.40,   599.38
  848.50,   353.56,   724.35
  600.89,   100.39,   599.27
  598.13,    98.46,   724.22
  595.37,    96.52,   849.18
  598.57,   225.36,   601.15
  595.81,   223.42,   726.11
  593.05,   221.48,   851.06
  596.25,   350.32,   603.04
  593.49,   348.38,   727.99
  590.73,   346.45,   852.95
  725.84,   102.67,   602.06
  723.08,   100.73,   727.02
  720.32,    98.80,   851.97
  723.52,   227.63,   603.95
  720.76,   225.70,   728.90
  718.00,   223.76,   853.86
  721.20,   352.60,   605.83
  718.44,   350.66,   730.79
  715.68,   348.72,   855.74
  850.79,   104.94,   604.86
  848.03,   103.01,   729.81
  845.27,   101.07,   854.77
  848.47,   229.91,   606.74
  845.71,   227.97,   731.70
  842.95,   226.04,   856.65
  846.15,   354.87,   608.63
  843.39,   352.94,   733.58
  840.63,   351.00,   858.54
  598.81,   225.62,   100.55
  596.99,   229.01,   225.49
  595.18,   232.41,   350.43
  596.81,   350.55,    97.12
  595.00,   353.95,   222.06
  593.18,   357.35,   347.00
  594.82,   475.49,    93.69
  593.00,   478.89,   218.63
  591.19,   482.29,   343.57
  723.78,   227.66,   102.31
  721.96,   231.06,   227.25
  720.15,   234.46,   352.19
  721.78,   352.60,    98.88
  719.97,   356.00,   223.82
  718.15,   359.40,   348.76
  719.79,   477.53,    95.45
  717.97,   480.93,   220.39
  716.16,   484.33,   345.33
  848.75,   229.70,   104.06
  846.93,   233.10,   229.00
  845.12,   236.50,   353.95
  846.75,   354.64,   100.64
  844.94,   358.04,   225.58
  843.12,   361.44,   350.52
  844.76,   479.58,    97.21
  842.94,   482.98,   222.15
  841.13,   486.38,   347.09
  601.55,   223.72,   223.19
  603.84,   221.78,   348.15
  606.13,   219.84,   473.12
  602.14,   348.71,   225.12
  604.43,   346.76,   350.09
  606.72,   344.82,   475.05
  602.73,   473.69,   227.06
  605.02,   471.75,   352.02
  607.31,   469.80,   476.98
  726.53,   223.17,   220.89
  728.82,   221.22,   345.86
  731.10,   219.28,   470.82
  727.12,   348.15,   222.83
  729.41,   346.21,   347.79
  731.70,   344.26,   472.75
  727.71,   473.13,   224.76
  730.00,   471.19,   349.72
  732.29,   469.25,   474.69
  851.51,   222.61,   218.60
  853.79,   220.67,   343.56
  856.08,   218.72,   468.53
  852.10,   347.59,   220.53
  854.39,   345.65,   345.49
  856.67,   343.71,   470.46
  852.69,   472.58,   222.46
  854.98,   470.63,   347.43
  857.27,   468.69,   472.39
  600.98,   226.90,   350.19
  602.70,   223.75,   475.14
  604.43,   220.60,   600.09
  601.34,   351.86,   353.34
  603.06,   348.71,   478.29
  604.78,   345.56,   603.24
  601.69,   476.82,   356.49
  603.42,   473.67,   481.44
  605.14,   470.52,   606.39
  725.97,   226.59,   348.46
  727.69,   223.44,   473.41
  729.41,   220.28,   598.36
  726.33,   351.55,   351.61
  728.05,   348.40,   476.56
  729.77,   345.24,   601.51
  726.68,   476.51,   354.76
  728.40,   473.36,   479.71
  730.13,   470.20,   604.66
  850.96,   226.28,   346.73
  852.68,   223.12,   471.68
  854.40,   219.97,   596.63
  851.31,   351.24,   349.88
  853.04,   348.08,   474.83
  854.76,   344.93,   599.78
  851.67,   476.20,   353.03
  853.39,   473.04,   477.98
  855.12,   469.89,   602.92
  601.13,   223.70,   476.94
  602.40,   220.52,   601.90
  603.66,   217.35,   726.85
  597.93,   348.61,   480.15
  599.20,   345.44,   605.10
  600.47,   342.27,   730.06
  594.74,   473.53,   483.35
  596.00,   470.36,   608.31
  597.27,   467.19,   733.26
  726.09,   226.93,   475.76
  727.35,   223.75,   600.71
  728.62,   220.58,   725.67
  722.89,   351.84,   478.97
  724.15,   348.67,   603.92
  725.42,   345.50,   728.87
  719.69,   476.76,   482.17
  720.96,   473.59,   607.12
  722.22,   470.41,   732.08
  851.04,   230.15,   474.58
  852.30,   226.98,   599.53
  853.57,   223.81,   724.48
  847.84,   355.07,   477.78
  849.11,   351.90,   602.74
  850.37,   348.72,   727.69
  844.64,   479.99,   480.99
  845.91,   476.82,   605.94
  847.17,   473.64,   730.89
  598.05,   223.38,   600.59
  598.15,   223.38,   725.59
  598.25,   223.38,   850.59
  596.64,   348.38,   600.59
  596.74,   348.38,   725.59
  596.83,   348.38,   850.59
  595.22,   473.37,   600.59
  595.32,   473.37,   725.59
  595.42,   473.37,   850.59
  723.04,   224.80,   600.49
  723.14,   224.80,   725.49
  723.24,   224.80,   850.49
  721.63,   349.79,   600.49
  721.73,   349.79,   725.49
  721.83,   349.79,   850.49
  720.21,   474.78,   600.49
  720.31,   474.78,   725.49
  720.41,   474.78,   850.49
  848.04,   226.21,   600.39
  848.13,   226.21,   725.39
  848.23,   226.21,   850.39
  846.62,   351.21,   600.39
  846.72,   351.21,   725.39
  846.82,   351.21,   850.39
  845.20,   476.20,   600.39
  845.30,   476.20,   725.39
  845.40,   476.20,   850.39
  598.33,   348.87,    99.59
  594.60,   350.25,   224.53
  590.86,   351.64,   349.46
  599.48,   473.86,    98.24
  595.75,   475.24,   223.18
  592.01,   476.63,   348.11
  600.63,   598.84,    96.89
  596.90,   600.23,   221.83
  593.16,   601.61,   346.76
  723.27,   347.76,   103.34
  719.54,   349.14,   228.28
  715.80,   350.53,   353.21
  724.42,   472.75,   101.99
  720.69,   474.13,   226.92
  716.95,   475.52,   351.86
  725.57,   597.74,   100.64
  721.84,   599.12,   225.57
  718.10,   600.50,   350.51
  848.21,   346.65,   107.09
  844.47,   348.04,   232.02
  840.74,   349.42,   356.96
  849.36,   471.64,   105.74
  845.62,   473.02,   230.67
  841.89,   474.41,   355.61
  850.51,   596.63,   104.38
  846.77,   598.01,   229.32
  843.04,   599.39,   354.26
  599.06,   348.92,   227.00
  599.18,   347.44,   351.99
  599.30,   345.97,   476.98
  601.61,   473.89,   228.47
  601.73,   472.41,   353.46
  601.85,   470.93,   478.45
  604.16,   598.85,   229.95
  604.28,   597.37,   354.94
  604.40,   595.90,   479.93
  724.04,   346.37,   226.84
  724.16,   344.90,   351.84
  724.28,   343.42,   476.83
  726.58,   471.34,   228.32
  726.71,   469.86,   353.31
  726.83,   468.38,   478.30
  729.13,   596.30,   229.79
  729.25,   594.83,   354.79
  729.38,   593.35,   479.78
  849.01,   343.83,   226.69
  849.13,   342.35,   351.68
  849.25,   340.87,   476.68
  851.56,   468.79,   228.17
  851.68,   467.31,   353.16
  851.80,   465.84,   478.15
  854.11,   593.76,   229.64
  854.23,   592.28,   354.63
  854.35,   590.80,   479.63
  598.73,   350.36,   349.73
  600.75,   349.32,   474.71
  602.77,   348.28,   599.69
  597.03,   475.34,   350.80
  599.05,   474.30,   475.78
  601.07,   473.27,   600.76
  595.33,   600.32,   351.86
  597.35,   599.29,   476.84
  599.37,   598.25,   601.82
  723.70,   352.07,   347.73
  725.72,   351.04,   472.71
  727.74,   350.00,   597.69
  722.00,   477.06,   348.79
  724.02,   476.02,   473.77
  726.04,   474.98,   598.75
  720.30,   602.04,   349.86
  722.32,   601.00,   474.84
  724.34,   599.97,   599.81
  848.67,   353.79,   345.72
  850.69,   352.75,   470.70
  852.71,   351.72,   595.68
  846.97,   478.77,   346.79
  848.99,   477.74,   471.77
  851.01,   476.70,   596.75
  845.27,   603.76,   347.85
  847.29,   602.72,   472.83
  849.31,   601.68,   597.81
  601.91,   349.98,   473.89
  599.14,   352.18,   598.84
  596.37,   354.37,   723.79
  599.56,   474.94,   471.64
  596.79,   477.14,   596.59
  594.02,   479.33,   721.54
  597.21,   599.90,   469.39
  594.44,   602.09,   594.34
  591.67,   604.29,   719.29
  726.86,   352.38,   476.61
  724.09,   354.58,   601.56
  721.32,   356.78,   726.51
  724.51,   477.34,   474.36
  721.74,   479.54,   599.31
  718.97,   481.73,   724.26
  722.15,   602.30,   472.12
  719.38,   604.49,   597.07
  716.61,   606.69,   722.02
  851.81,   354.78,   479.34
  849.04,   356.98,   604.29
  846.27,   359.18,   729.24
  849.45,   479.74,   477.09
  846.68,   481.94,   602.04
  843.91,   484.14,   726.99
  847.10,   604.70,   474.84
  844.33,   606.90,   599.79
  841.56,   609.09,   724.74
  601.08,   349.99,   599.10
  599.13,   350.86,   724.08
  597.18,   351.72,   849.06
  601.90,   474.98,   598.25
  599.95,   475.85,   723.23
  598.00,   476.72,   848.21
  602.72,   599.98,   597.39
  600.77,   600.84,   722.37
  598.82,   601.71,   847.35
  726.06,   349.18,   601.06
  724.11,   350.05,   726.04
  722.16,   350.91,   851.02
  726.88,   474.17,   600.20
  724.93,   475.04,   725.18
  722.98,   475.91,   850.16
  727.71,   599.17,   599.35
  725.76,   600.04,   724.33
  723.81,   600.90,   849.31
  851.04,   348.37,   603.01
  849.09,   349.24,   727.99
  847.14,   350.11,   852.98
  851.87,   473.36,   602.16
  849.92,   474.23,   727.14
  847.97,   475.10,   852.12
  852.69,   598.36,   601.30
  850.74,   599.23,   726.28
  848.79,   600.09,   851.27
  600.94,   476.07,    98.71
  598.49,   475.54,   223.69
  596.05,   475.01,   348.66
  602.62,   601.05,    99.27
  600.18,   600.53,   224.25
  597.74,   600.00,   349.22
  604.31,   726.04,    99.83
  601.87,   725.51,   224.81
  599.42,   724.99,   349.78
  725.90,   474.37,   101.15
  723.46,   473.84,   226.13
  721.01,   473.32,   351.10
  727.59,   599.36,   101.71
  725.14,   598.83,   226.68
  722.70,   598.31,   351.66
  729.27,   724.34,   102.27
  726.83,   723.82,   227.24
  724.39,   723.29,   352.22
  850.87,   472.67,   103.59
  848.42,   472.15,   228.56
  845.98,   471.62,   353.54
  852.55,   597.66,   104.14
  850.11,   597.13,   229.12
  847.67,   596.61,   354.10
  854.24,   722.65,   104.70
  851.80,   722.12,   229.68
  849.35,   721.60,   354.65
  601.37,   474.53,   226.89
  603.02,   471.62,   351.85
  604.67,   468.71,   476.80
  604.25,   599.46,   229.76
  605.90,   596.55,   354.72
  607.55,   593.64,   479.68
  607.14,   724.40,   232.64
  608.79,   721.49,   357.59
  610.44,   718.58,   482.55
  726.32,   471.68,   225.18
  727.97,   468.77,   350.13
  729.62,   465.86,   475.09
  729.21,   596.62,   228.05
  730.86,   593.71,   353.00
  732.51,   590.80,   477.96
  732.10,   721.55,   230.92
  733.75,   718.64,   355.87
  735.40,   715.73,   480.83
  851.28,   468.83,   223.46
  852.93,   465.92,   348.41
  854.58,   463.01,   473.37
  854.16,   593.77,   226.33
  855.82,   590.86,   351.29
  857.47,   587.95,   476.24
  857.05,   718.70,   229.20
  858.70,   715.79,   354.16
  860.35,   712.88,   479.11
  598.03,   475.68,   349.74
  597.17,   473.20,   474.71
  596.30,   470.73,   599.69
  601.04,   600.62,   352.24
  600.17,   598.14,   477.21
  599.30,   595.67,   602.18
  604.04,   725.56,   354.73
  603.17,   723.08,   479.71
  602.30,   720.60,   604.68
  723.00,   472.66,   350.55
  722.13,   470.18,   475.52
  721.26,   467.71,   600.49
  726.00,   597.60,   353.05
  725.13,   595.12,   478.02
  724.26,   592.65,   602.99
  729.00,   722.54,   355.54
  728.13,   720.06,   480.51
  727.26,   717.59,   605.49
  847.96,   469.64,   351.36
  847.09,   467.17,   476.33
  846.22,   464.69,   601.30
  850.96,   594.58,   353.85
  850.09,   592.11,   478.83
  849.22,   589.63,   603.80
  853.96,   719.52,   356.35
  853.09,   717.04,   481.32
  852.22,   714.57,   606.29
  598.80,   474.74,   474.55
  596.56,   472.42,   599.51
  594.31,   470.11,   724.46
  600.87,   599.70,   476.90
  598.62,   597.38,   601.86
  596.38,   595.07,   726.82
  602.93,   724.66,   479.25
  600.69,   722.34,   604.21
  598.44,   720.03,   729.17
  723.76,   472.63,   476.75
  721.52,   470.31,   601.71
  719.28,   468.00,   726.67
  725.83,   597.59,   479.11
  723.59,   595.27,   604.06
  721.34,   592.96,   729.02
  727.90,   722.55,   481.46
  725.65,   720.24,   606.42
  723.41,   717.92,   731.37
  848.73,   470.52,   478.96
  846.48,   468.21,   603.92
  844.24,   465.89,   728.88
  850.79,   595.48,   481.31
  848.55,   593.17,   606.27
  846.30,   590.85,   731.23
  852.86,   720.44,   483.66
  850.61,   718.13,   608.62
  848.37,   715.81,   733.58
  600.52,   474.08,   600.69
  599.37,   474.99,   725.69
  598.22,   475.91,   850.68
  600.04,   599.07,   599.77
  598.89,   599.99,   724.77
  597.74,   600.91,   849.76
  599.56,   724.07,   598.85
  598.41,   724.98,   723.85
  597.26,   725.90,   848.84
  725.51,   474.57,   601.84
  724.36,   475.48,   726.83
  723.21,   476.40,   851.83
  725.03,   599.56,   600.92
  723.88,   600.48,   725.91
  722.73,   601.39,   850.90
  724.55,   724.56,   600.00
  723.40,   725.47,   724.99
  722.25,   726.39,   849.98
  850.51,   475.05,   602.99
  849.36,   475.97,   727.98
  848.21,   476.89,   852.97
  850.03,   600.05,   602.07
  848.88,   600.97,   727.06
  847.73,   601.88,   852.05
  849.55,   725.05,   601.15
  848.40,   725.96,   726.14
  847.24,   726.88,   851.13
  599.13,   599.93,   100.46
  598.17,   601.96,   225.44
  597.21,   604.00,   350.42
  599.42,   724.91,    98.43
  598.46,   726.94,   223.40
  597.50,   728.98,   348.38
  599.71,   849.89,    96.39
  598.75,   851.93,   221.37
  597.79,   853.96,   346.35
  724.12,   599.65,   101.42
  723.16,   601.69,   226.40
  722.20,   603.72,   351.38
  724.41,   724.63,    99.39
  723.45,   726.67,   224.37
  722.49,   728.71,   349.35
  724.70,   849.62,    97.36
  723.74,   851.65,   222.34
  722.78,   853.69,   347.32
  849.12,   599.38,   102.39
  848.16,   601.41,   227.37
  847.20,   603.45,   352.35
  849.41,   724.36,   100.36
  848.45,   726.40,   225.34
  847.49,   728.43,   350.32
  849.70,   849.34,    98.32
  848.74,   851.38,   223.30
  847.78,   853.41,   348.28
  601.36,   598.55,   224.30
  603.69,   601.77,   349.24
  606.01,   604.99,   474.18
  602.02,   723.51,   221.07
  604.35,   726.73,   346.01
  606.68,   729.95,   470.94
  602.68,   848.47,   217.84
  605.01,   851.69,   342.77
  607.34,   854.91,   467.71
  726.34,   597.83,   221.99
  728.66,   601.05,   346.93
  730.99,   604.27,   471.87
  727.00,   722.79,   218.76
  729.33,   726.01,   343.70
  731.65,   729.23,   468.63
  727.66,   847.74,   215.53
  729.99,   850.96,   340.47
  732.31,   854.18,   465.40
  851.31,   597.11,   219.68
  853.64,   600.33,   344.62
  855.97,   603.55,   469.56
  851.98,   722.07,   216.45
  854.30,   725.29,   341.39
  856.63,   728.51,   466.33
  852.64,   847.02,   213.22
  854.96,   850.24,   338.16
  857.29,   853.46,   463.09
  599.62,   598.76,   349.35
  600.70,   599.30,   474.34
  601.77,   599.84,   599.34
  596.39,   723.72,   348.84
  597.46,   724.26,   473.83
  598.53,   724.79,   598.83
  593.15,   848.68,   348.33
  594.22,   849.21,   473.32
  595.30,   849.75,   598.32
  724.58,   601.99,   348.26
  725.65,   602.53,   473.26
  726.72,   603.07,   598.25
  721.34,   726.95,   347.75
  722.41,   727.49,   472.75
  723.49,   728.02,   597.74
  718.10,   851.91,   347.24
  719.18,   852.44,   472.24
  720.25,   852.98,   597.23
  849.53,   605.22,   347.18
  850.60,   605.76,   472.17
  851.68,   606.30,   597.17
  846.29,   730.18,   346.67
  847.37,   730.72,   471.66
  848.44,   731.26,   596.66
  843.06,   855.14,   346.16
  844.13,   855.68,   471.15
  845.20,   856.21,   596.15
  598.71,   599.70,   474.11
  597.24,   599.08,   599.10
  595.77,   598.46,   724.09
  596.53,   724.68,   474.70
  595.06,   724.06,   599.69
  593.59,   723.44,   724.68
  594.34,   849.66,   475.29
  592.87,   849.04,   600.28
  591.40,   848.42,   725.27
  723.69,   601.87,   475.59
  722.22,   601.26,   600.58
  720.75,   600.64,   725.57
  721.50,   726.85,   476.18
  720.03,   726.24,   601.17
  718.56,   725.62,   726.16
  719.31,   851.83,   476.77
  717.85,   851.22,   601.76
  716.38,   850.60,   726.75
  848.66,   604.05,   477.07
  847.19,   603.43,   602.06
  845.72,   602.82,   727.05
  846.47,   729.03,   477.66
  845.00,   728.41,   602.65
  843.53,   727.80,   727.64
  844.29,   854.01,   478.25
  842.82,   853.39,   603.24
  841.35,   852.77,   728.23
  600.23,   599.98,   600.69
  598.20,   601.48,   725.67
  596.17,   602.98,   850.64
  602.99,   724.94,   599.24
  600.96,   726.44,   724.21
  598.92,   727.94,   849.19
  605.75,   849.90,   597.78
  603.71,   851.40,   722.76
  601.68,   852.90,   847.73
  725.19,   597.25,   602.76
  723.15,   598.75,   727.73
  721.12,   600.25,   852.71
  727.94,   722.21,   601.30
  725.91,   723.71,   726.28
  723.87,   725.21,   851.25
  730.70,   847.17,   599.85
  728.66,   848.67,   724.83
  726.63,   850.17,   849.80
  850.14,   594.52,   604.83
  848.11,   596.02,   729.80
  846.07,   597.52,   854.77
  852.90,   719.48,   603.37
  850.86,   720.98,   728.35
  848.83,   722.48,   853.32
  855.65,   844.44,   601.92
  853.62,   845.94,   726.89
  851.58,   847.44,   851.87
