27, 125, pa2-debug-c-output1.txt
  209.97,   204.05,   209.32
  408.36,   402.61,   190.96
  100.15,   100.80,   100.02
  102.11,   100.40,   225.06
  103.98,   100.05,   350.07
  101.49,   225.74,   100.62
  103.37,   225.42,   225.64
  105.08,   225.04,   350.51
  102.86,   350.94,   101.04
  104.52,   350.32,   225.99
  106.08,   349.83,   350.85
  225.18,    99.69,    98.42
  226.95,    99.25,   223.36
  228.82,    98.77,   348.18
  226.44,   224.64,    99.05
  228.26,   224.21,   223.98
  230.04,   223.73,   348.61
  227.66,   349.73,    99.29
  229.47,   349.00,   224.26
  231.23,   348.49,   349.14
  350.39,    98.53,    96.52
  351.85,    97.94,   221.35
  353.39,    97.20,   346.24
  351.43,   223.48,    97.26
  353.00,   222.67,   222.05
  354.86,   222.12,   346.71
  352.33,   348.38,    97.77
  354.12,   347.66,   222.68
  356.39,   347.16,   347.43
  101.69,   100.25,   226.46
  100.36,   102.40,   351.47
   98.89,   104.46,   476.43
  105.33,   225.22,   224.61
  103.83,   227.33,   349.46
  102.24,   229.26,   474.43
  108.87,   350.05,   222.50
  107.21,   352.07,   347.35
  105.74,   354.03,   472.39
  226.49,    96.74,   228.01
  225.18,    98.78,   352.84
  223.78,   100.78,   477.78
  230.17,   221.65,   226.19
  228.76,   223.67,   350.81
  227.16,   225.62,   475.73
  233.74,   346.37,   224.05
  232.32,   348.37,   348.90
  230.79,   350.37,   473.93
  351.34,    93.09,   229.27
  349.69,    94.84,   354.16
  348.20,    96.80,   479.19
  354.87,   217.74,   227.50
  353.54,   219.71,   352.17
  352.16,   221.86,   477.10
  358.37,   342.66,   225.71
  357.45,   344.68,   350.44
  356.12,   346.70,   475.28
   99.77,   100.09,   352.05
  101.56,    99.63,   477.02
  103.12,    98.91,   601.95
   96.33,   225.03,   352.57
   97.98,   224.45,   477.57
   99.59,   223.75,   602.71
   92.80,   349.83,   353.00
   94.61,   349.26,   478.04
   96.57,   348.76,   603.30
  224.59,   103.38,   350.14
  226.41,   102.84,   475.08
  228.05,   102.20,   600.20
  221.27,   228.30,   350.67
  222.89,   227.70,   475.59
  224.38,   227.07,   600.92
  217.89,   353.01,   351.28
  219.58,   352.48,   476.34
  221.27,   352.00,   601.62
  349.11,   106.33,   348.16
  350.86,   105.77,   473.20
  352.72,   105.43,   598.41
  346.08,   231.23,   348.76
  347.93,   230.83,   473.68
  349.57,   230.48,   598.94
  343.05,   356.22,   349.56
  344.94,   355.70,   474.42
  346.21,   355.08,   599.48
  101.91,   101.16,   476.51
  100.09,   100.25,   601.44
   98.23,    99.23,   726.37
  102.64,   226.02,   477.19
  100.89,   225.14,   602.34
   99.31,   224.08,   727.54
  103.55,   350.85,   477.83
  102.17,   350.20,   603.10
  100.89,   349.58,   728.45
  226.81,   100.03,   477.93
  225.10,    99.22,   603.04
  223.29,    98.35,   728.18
  227.59,   224.93,   478.56
  225.71,   224.13,   603.90
  223.87,   223.19,   729.32
  228.62,   349.75,   479.44
  226.91,   349.09,   604.73
  225.24,   348.37,   730.08
  351.28,    98.62,   479.40
  349.79,    98.10,   604.61
  348.35,    97.56,   729.82
  352.66,   223.75,   480.00
  350.94,   223.23,   605.28
  349.16,   222.56,   730.62
  354.00,   348.64,   480.85
  351.87,   347.86,   605.94
  349.48,   346.99,   731.15
  101.63,    98.36,   601.20
   98.23,   100.08,   726.09
   95.18,   102.03,   850.89
  104.03,   223.21,   599.40
  100.93,   224.91,   724.56
   98.05,   226.89,   849.28
  106.91,   348.23,   597.46
  104.13,   350.38,   722.76
  101.02,   352.11,   847.68
  226.60,    95.76,   604.38
  223.25,    97.65,   729.47
  220.07,    99.63,   854.22
  228.81,   220.63,   602.52
  225.45,   222.45,   727.91
  222.59,   224.37,   852.50
  231.63,   345.55,   600.63
  228.41,   347.58,   725.94
  225.35,   349.35,   850.74
  351.20,    93.05,   607.53
  348.25,    95.28,   732.68
  345.36,    97.33,   857.47
  353.99,   218.18,   605.49
  350.69,   220.27,   730.79
  347.72,   222.07,   855.49
  356.57,   342.77,   603.43
  352.64,   344.65,   728.61
  349.43,   346.65,   853.52
  101.98,   222.96,   101.27
  100.20,   224.28,   226.27
   98.25,   225.54,   351.14
  104.79,   348.13,   100.08
  102.79,   349.16,   225.03
  100.69,   350.33,   349.88
  107.60,   473.17,    98.94
  105.42,   474.10,   223.84
  103.19,   475.14,   348.71
  226.91,   220.44,   103.40
  225.08,   221.67,   228.29
  223.20,   222.85,   352.92
  229.56,   345.49,   102.04
  227.72,   346.42,   226.99
  225.80,   347.57,   351.85
  232.26,   470.44,   100.78
  230.33,   471.32,   225.76
  228.31,   472.41,   350.79
  351.86,   217.83,   105.27
  349.79,   218.70,   230.04
  348.00,   219.83,   354.70
  354.19,   342.71,   104.20
  352.37,   343.65,   229.08
  350.97,   344.82,   353.81
  356.77,   467.64,   103.03
  355.03,   468.75,   228.02
  353.66,   469.89,   352.92
   98.66,   223.85,   224.68
  102.24,   223.28,   349.52
  105.70,   222.53,   474.46
   97.56,   348.77,   225.29
  101.00,   348.09,   350.10
  104.59,   347.36,   475.11
   96.52,   473.75,   225.97
   99.83,   472.94,   350.75
  103.48,   472.26,   475.78
  223.53,   224.92,   221.19
  227.17,   224.24,   345.78
  230.63,   223.49,   470.63
  222.50,   349.71,   221.70
  226.10,   349.00,   346.53
  229.63,   348.30,   471.53
  221.46,   474.64,   222.29
  224.92,   473.87,   347.30
  228.51,   473.20,   472.37
  348.22,   225.65,   217.42
  351.95,   224.89,   342.03
  355.64,   224.33,   466.90
  347.10,   350.63,   218.27
  351.22,   349.93,   342.99
  354.98,   349.25,   467.78
  346.10,   475.74,   219.01
  350.23,   475.03,   343.91
  353.96,   474.23,   468.75
  101.41,   225.33,   348.60
  101.39,   223.32,   473.59
  101.32,   221.19,   598.72
  100.29,   350.13,   350.41
  100.40,   348.14,   475.45
  100.70,   346.22,   600.72
   99.25,   474.97,   352.30
   99.44,   473.03,   477.35
   99.99,   471.21,   602.63
  226.40,   226.15,   348.36
  226.36,   224.14,   473.27
  226.17,   222.08,   598.59
  225.45,   350.89,   350.35
  225.47,   348.94,   475.39
  225.46,   347.03,   600.67
  224.39,   475.75,   352.35
  224.48,   473.82,   477.46
  224.70,   471.97,   602.66
  351.24,   226.66,   348.11
  351.42,   224.84,   473.04
  351.41,   223.08,   598.30
  350.65,   351.68,   350.30
  350.88,   349.74,   475.14
  350.47,   347.71,   600.21
  349.78,   476.76,   352.45
  349.96,   474.70,   477.33
  349.45,   472.48,   602.24
   99.93,   225.37,   473.20
  102.80,   227.40,   598.30
  105.84,   229.26,   723.51
   98.22,   350.18,   470.93
  101.45,   352.42,   596.15
  104.82,   354.75,   721.48
   96.51,   475.06,   468.69
   99.97,   477.38,   593.93
  103.54,   479.90,   719.20
  224.86,   226.86,   469.91
  227.61,   228.97,   595.18
  230.40,   230.97,   720.57
  223.24,   351.65,   467.90
  226.18,   353.90,   593.12
  229.13,   356.10,   718.41
  221.50,   476.52,   465.84
  224.65,   478.81,   590.99
  227.85,   481.20,   716.09
  349.89,   228.23,   466.69
  352.82,   230.61,   591.89
  355.63,   232.87,   717.18
  348.61,   353.13,   464.69
  351.18,   355.25,   589.69
  353.37,   357.26,   714.82
  346.96,   478.10,   462.76
  349.48,   480.05,   587.63
  351.60,   482.03,   712.48
   97.94,   224.14,   598.64
   96.29,   223.63,   723.82
   94.86,   223.40,   848.60
   98.38,   349.18,   598.81
   97.03,   349.12,   724.16
   95.34,   348.64,   849.13
   98.73,   474.18,   598.92
   97.56,   474.32,   724.21
   95.81,   474.04,   849.28
  222.76,   223.95,   600.28
  220.85,   223.56,   725.71
  219.43,   223.28,   850.36
  223.14,   348.92,   600.55
  221.42,   348.76,   725.90
  219.80,   348.32,   850.73
  223.44,   473.87,   600.72
  221.98,   473.94,   725.87
  220.38,   473.63,   850.71
  347.98,   223.86,   601.74
  346.11,   223.75,   727.09
  344.59,   223.38,   851.86
  348.12,   348.51,   601.84
  345.66,   348.20,   727.06
  343.90,   348.00,   852.01
  348.19,   473.30,   602.06
  345.64,   472.98,   726.98
  343.87,   473.00,   851.91
  101.10,   351.82,    99.14
  102.06,   348.51,   224.06
  102.93,   345.34,   348.89
   97.56,   476.78,   102.38
   98.32,   473.39,   227.23
   99.07,   470.10,   352.03
   93.84,   601.59,   105.74
   94.60,   598.34,   230.68
   95.33,   594.90,   355.42
  225.86,   355.55,    98.17
  226.97,   352.12,   223.12
  228.02,   348.93,   347.97
  222.24,   480.43,   101.26
  223.24,   476.97,   226.21
  224.16,   473.71,   351.23
  218.57,   605.25,   104.63
  219.50,   602.01,   229.57
  220.28,   598.68,   354.49
  350.48,   359.13,    97.45
  351.57,   355.73,   222.35
  353.15,   352.54,   347.07
  346.75,   484.00,   100.60
  347.93,   480.76,   225.58
  349.48,   477.55,   350.48
  343.37,   609.01,   103.76
  344.47,   605.83,   228.60
  345.65,   602.60,   353.67
  100.84,   349.01,   224.09
  100.10,   352.38,   348.90
   99.56,   355.69,   473.90
  101.41,   473.95,   220.68
  100.55,   477.18,   345.49
  100.05,   480.54,   470.50
  101.98,   598.95,   217.57
  101.09,   602.06,   342.34
  100.50,   605.24,   467.24
  225.81,   348.33,   224.66
  225.26,   351.67,   349.50
  224.63,   355.02,   474.52
  226.37,   473.22,   221.19
  225.69,   476.50,   346.20
  225.11,   479.88,   471.27
  226.94,   598.32,   217.97
  226.13,   601.55,   342.90
  225.46,   604.78,   467.90
  350.49,   347.63,   225.38
  350.46,   350.99,   350.10
  350.03,   354.35,   474.93
  351.08,   472.71,   222.07
  351.06,   476.05,   346.96
  350.61,   479.30,   471.82
  351.91,   597.83,   218.53
  351.54,   601.16,   343.58
  350.98,   604.37,   468.65
  101.85,   348.51,   349.28
  104.21,   351.45,   474.28
  106.79,   354.48,   599.52
  101.79,   473.33,   346.24
  104.21,   476.31,   471.25
  107.02,   479.43,   596.49
  101.84,   598.21,   343.44
  104.16,   601.02,   468.34
  106.90,   604.07,   593.47
  226.99,   348.23,   346.94
  229.29,   351.20,   471.94
  231.54,   354.22,   597.16
  226.93,   473.07,   344.00
  229.28,   476.07,   469.07
  231.73,   479.12,   594.20
  226.88,   598.13,   341.07
  229.14,   600.99,   466.07
  231.64,   603.92,   591.20
  352.14,   347.97,   344.61
  354.68,   350.96,   469.41
  356.55,   353.85,   594.42
  352.26,   473.04,   341.84
  354.77,   475.92,   466.67
  356.56,   478.63,   591.53
  352.25,   598.16,   338.82
  354.64,   601.00,   463.87
  356.76,   603.81,   588.81
   98.69,   349.47,   473.08
   97.66,   349.63,   598.34
   96.75,   349.84,   723.69
   99.30,   474.37,   472.90
   98.52,   474.62,   598.18
   97.79,   475.04,   723.48
   99.86,   599.11,   472.87
   99.03,   599.32,   598.05
   98.39,   599.55,   723.37
  223.74,   348.68,   474.34
  222.42,   348.85,   599.64
  221.14,   348.97,   725.00
  224.34,   473.58,   474.33
  223.24,   473.80,   599.54
  222.22,   474.14,   724.70
  224.81,   598.51,   474.19
  223.76,   598.61,   599.39
  222.94,   598.77,   724.60
  349.14,   347.89,   475.40
  347.41,   347.94,   600.49
  345.40,   347.90,   725.71
  349.83,   472.86,   475.52
  348.00,   472.73,   600.44
  345.89,   472.67,   725.37
  350.31,   597.97,   475.58
  348.80,   597.92,   600.55
  347.22,   597.96,   725.37
   98.64,   350.07,   599.87
   95.61,   347.09,   725.14
   92.23,   343.70,   850.03
   99.36,   475.03,   602.90
   96.50,   472.28,   728.11
   93.03,   469.06,   853.10
   99.73,   599.70,   605.94
   96.97,   596.76,   731.19
   93.62,   593.75,   856.15
  223.36,   349.37,   603.27
  219.97,   346.31,   728.56
  216.69,   342.96,   853.30
  224.03,   474.29,   606.35
  220.90,   471.47,   731.43
  217.62,   468.22,   856.19
  224.42,   599.05,   609.38
  221.50,   596.06,   734.50
  218.47,   592.99,   859.26
  348.28,   348.52,   606.22
  344.18,   345.32,   731.37
  340.82,   342.23,   856.24
  348.68,   473.26,   609.33
  344.48,   470.06,   734.19
  341.13,   467.20,   859.06
  349.36,   598.42,   612.61
  345.66,   595.29,   737.34
  342.34,   592.31,   862.11
   99.28,   474.73,   100.59
   95.93,   472.83,   225.45
   92.60,   471.04,   350.24
  100.61,   599.59,   102.43
   97.28,   597.85,   227.41
   93.91,   595.90,   352.15
  101.44,   724.45,   104.35
   98.60,   722.91,   229.59
   95.32,   721.10,   354.21
  223.97,   473.23,   103.48
  220.88,   471.26,   228.42
  217.66,   469.50,   353.42
  225.36,   598.14,   105.35
  222.19,   596.38,   230.28
  218.86,   594.54,   355.21
  226.66,   723.10,   107.37
  223.41,   721.58,   232.28
  220.10,   719.93,   356.92
  348.47,   471.67,   106.82
  345.59,   469.92,   231.78
  343.02,   468.20,   356.66
  350.13,   596.76,   108.47
  347.16,   595.07,   233.34
  344.26,   593.32,   358.39
  352.04,   721.85,   110.15
  348.69,   720.12,   234.71
  345.41,   718.46,   359.91
  100.08,   475.57,   226.14
  101.12,   472.14,   350.95
  102.52,   468.84,   475.98
   97.45,   600.55,   229.74
   98.46,   596.97,   354.47
   99.80,   593.52,   479.39
   94.82,   725.56,   233.52
   95.92,   722.12,   358.14
   97.19,   718.38,   482.85
  225.02,   478.07,   224.82
  226.24,   474.68,   349.83
  227.56,   471.38,   474.90
  222.38,   603.13,   228.31
  223.46,   599.68,   353.22
  224.71,   596.25,   478.24
  219.62,   728.28,   231.95
  220.72,   725.03,   356.55
  221.94,   721.33,   481.44
  349.73,   480.78,   223.87
  351.58,   477.44,   348.76
  353.01,   474.00,   473.60
  347.37,   605.87,   227.01
  348.86,   602.51,   352.08
  350.18,   599.04,   477.14
  344.93,   730.85,   230.02
  346.03,   727.58,   355.19
  347.32,   724.16,   480.54
   98.18,   476.05,   351.42
   96.64,   474.90,   476.45
   95.45,   473.86,   601.72
   97.61,   600.94,   352.76
   96.00,   599.63,   477.70
   94.78,   598.57,   602.87
   97.15,   726.19,   354.23
   95.48,   724.60,   478.98
   93.93,   723.24,   604.01
  223.30,   476.43,   353.19
  221.65,   475.30,   478.31
  220.16,   474.25,   603.51
  222.62,   601.51,   354.39
  220.90,   600.23,   479.44
  219.48,   599.04,   604.63
  221.98,   726.93,   355.52
  220.23,   725.39,   480.44
  218.72,   723.84,   605.73
  348.69,   477.05,   355.01
  347.12,   475.78,   479.90
  344.88,   474.36,   604.82
  348.05,   602.19,   356.15
  346.38,   600.88,   481.24
  344.48,   599.54,   606.19
  347.32,   727.33,   357.07
  345.63,   726.07,   482.45
  344.18,   724.98,   607.66
  100.76,   473.98,   474.53
  102.95,   474.18,   599.82
  105.22,   474.58,   725.12
  101.23,   598.72,   474.53
  103.36,   598.87,   599.72
  105.70,   599.04,   725.06
  101.81,   723.71,   474.55
  103.62,   723.53,   599.59
  105.76,   723.58,   724.96
  225.81,   473.28,   472.98
  227.65,   473.43,   598.18
  229.52,   473.67,   723.31
  226.18,   598.22,   472.89
  228.09,   598.25,   598.07
  230.19,   598.34,   723.26
  226.63,   723.41,   472.67
  228.48,   723.12,   597.95
  230.61,   722.87,   723.45
  351.30,   472.66,   471.21
  352.45,   472.46,   596.12
  353.24,   472.31,   721.02
  351.68,   597.77,   471.32
  353.15,   597.65,   596.28
  354.49,   597.62,   721.07
  352.03,   722.95,   471.29
  353.94,   723.11,   596.52
  355.93,   723.25,   721.46
  100.97,   476.95,   600.12
  105.11,   476.85,   725.39
  108.69,   476.27,   850.41
  104.01,   601.60,   600.45
  108.21,   601.26,   725.76
  111.94,   600.83,   850.81
  106.87,   726.21,   600.74
  110.87,   725.72,   726.10
  114.85,   725.26,   851.16
  225.59,   473.59,   596.62
  229.33,   473.33,   721.72
  232.92,   472.75,   846.49
  228.66,   598.37,   596.93
  232.60,   597.96,   722.07
  236.46,   597.49,   846.87
  231.68,   723.21,   597.23
  235.68,   722.49,   722.67
  239.64,   721.96,   847.70
  350.33,   470.02,   592.69
  352.98,   469.36,   717.56
  356.31,   469.05,   842.44
  353.64,   595.15,   593.26
  356.82,   594.62,   718.01
  360.29,   594.23,   842.77
  357.06,   720.58,   593.92
  360.91,   720.24,   718.81
  364.45,   719.48,   843.40
  101.19,   598.98,   100.34
  101.93,   595.68,   225.31
  102.61,   592.18,   350.06
   99.17,   723.82,   103.79
  100.38,   720.72,   229.03
  101.15,   717.36,   353.63
   97.27,   848.81,   107.17
   98.79,   845.87,   232.48
   99.61,   842.88,   357.01
  225.96,   600.47,    99.24
  226.89,   597.16,   224.18
  227.67,   593.78,   349.11
  224.40,   725.39,   102.79
  225.25,   722.32,   227.71
  226.03,   719.13,   352.35
  222.76,   850.29,   106.26
  223.68,   847.32,   231.20
  224.33,   844.53,   355.59
  350.80,   602.03,    98.37
  351.87,   598.79,   223.20
  353.08,   595.50,   348.27
  349.83,   727.11,   101.62
  350.57,   723.79,   226.10
  351.37,   720.59,   351.29
  348.70,   851.94,   105.08
  349.06,   848.56,   229.48
  349.58,   845.51,   354.48
  101.62,   599.26,   225.29
   98.30,   598.86,   350.06
   95.31,   598.56,   474.98
   99.62,   724.33,   225.86
   96.41,   724.09,   350.49
   93.37,   723.52,   475.22
   97.59,   849.51,   226.11
   94.42,   849.58,   350.71
   91.48,   849.31,   475.19
  226.53,   601.15,   228.13
  223.27,   600.87,   353.06
  220.17,   600.60,   478.09
  224.44,   726.35,   228.50
  221.20,   726.28,   353.15
  218.06,   725.77,   478.04
  222.45,   851.37,   228.84
  219.06,   851.70,   353.25
  216.14,   851.35,   478.01
  351.50,   603.20,   231.11
  348.66,   603.01,   356.19
  345.61,   602.70,   481.26
  349.72,   728.23,   230.85
  346.48,   728.14,   356.05
  343.42,   727.89,   481.41
  347.77,   853.03,   231.10
  344.26,   853.10,   356.10
  341.28,   853.08,   481.41
  100.21,   598.31,   349.51
  101.82,   601.45,   474.42
  103.83,   604.82,   599.57
   98.60,   723.52,   346.57
  100.15,   726.42,   471.25
  101.82,   729.45,   596.23
   96.88,   848.96,   343.43
   98.53,   852.20,   467.85
  100.23,   854.87,   592.81
  225.24,   600.01,   347.84
  226.76,   603.20,   472.85
  228.55,   606.45,   597.99
  223.44,   725.39,   344.56
  224.93,   728.36,   469.42
  226.66,   731.28,   594.64
  221.58,   850.72,   341.31
  223.25,   853.91,   466.02
  225.09,   856.45,   591.27
  350.63,   601.83,   346.29
  352.25,   604.99,   471.35
  353.63,   608.13,   596.29
  348.76,   726.92,   342.74
  350.31,   730.13,   468.10
  352.12,   733.53,   593.32
  346.83,   851.81,   339.41
  348.43,   855.24,   464.70
  350.34,   858.62,   590.10
   99.28,   600.87,   475.90
   98.60,   597.76,   601.04
   98.09,   594.67,   726.33
   95.88,   725.76,   479.20
   94.87,   722.35,   604.20
   94.21,   719.24,   729.45
   92.55,   851.47,   482.24
   91.49,   847.65,   607.28
   90.55,   844.62,   732.26
  224.17,   604.36,   477.18
  223.27,   601.12,   602.34
  222.59,   597.94,   727.50
  220.59,   729.46,   480.20
  219.63,   725.85,   605.46
  218.95,   722.29,   730.97
  217.22,   854.94,   483.26
  216.30,   850.90,   608.55
  215.34,   847.43,   733.98
  349.61,   607.91,   478.53
  348.26,   604.53,   603.46
  346.83,   601.22,   728.23
  345.95,   733.02,   481.76
  345.05,   729.88,   606.95
  344.20,   726.66,   731.88
  342.36,   858.12,   484.85
  341.57,   854.94,   610.22
  340.86,   851.78,   735.17
  102.05,   598.36,   601.03
  102.25,   600.34,   726.36
  101.94,   602.23,   851.44
   99.48,   722.99,   599.09
   99.50,   724.94,   724.40
   99.48,   726.82,   849.40
   97.30,   848.37,   597.05
   97.05,   850.31,   722.15
   96.91,   852.69,   846.84
  226.76,   600.57,   601.48
  226.76,   602.48,   726.68
  226.69,   604.33,   851.54
  224.31,   725.39,   599.52
  224.31,   726.94,   725.04
  224.31,   728.76,   850.15
  222.16,   850.54,   597.52
  221.92,   852.12,   722.96
  221.68,   854.54,   847.90
  351.80,   602.83,   601.78
  351.08,   604.64,   726.58
  350.67,   606.56,   851.40
  349.76,   728.25,   600.19
  349.65,   730.19,   725.16
  349.23,   731.72,   849.82
  347.45,   853.38,   598.37
  347.46,   855.34,   723.38
  347.10,   857.08,   847.77
  224.21,   100.24,   100.95
  221.64,    98.22,   225.85
  219.19,    96.17,   350.66
  220.79,   225.14,   103.11
  218.28,   223.14,   228.00
  215.71,   221.10,   352.61
  217.36,   350.16,   104.86
  214.82,   347.86,   229.79
  212.17,   345.78,   354.65
  349.35,   103.71,   103.48
  346.46,   101.52,   228.27
  343.68,    99.23,   353.12
  345.69,   228.57,   105.74
  342.96,   226.23,   230.48
  340.48,   224.12,   355.11
  341.93,   353.43,   107.75
  339.45,   351.15,   232.61
  337.32,   349.08,   357.34
  474.33,   107.17,   106.01
  471.43,   104.85,   230.78
  468.48,   102.48,   355.73
  470.55,   231.93,   108.32
  467.79,   229.44,   233.06
  465.38,   227.34,   357.79
  466.61,   356.71,   110.55
  464.24,   354.49,   235.38
  462.35,   352.43,   360.06
  223.85,   101.72,   226.72
  223.26,   101.59,   351.54
  222.58,   101.43,   476.51
  221.51,   226.67,   226.98
  220.81,   226.53,   351.64
  219.92,   226.31,   476.58
  219.07,   351.43,   226.92
  218.30,   351.27,   351.82
  217.48,   351.11,   476.89
  348.72,   104.03,   227.19
  347.81,   103.66,   352.07
  347.05,   103.47,   477.12
  346.23,   228.78,   227.55
  345.65,   228.59,   352.22
  344.98,   228.56,   477.17
  343.72,   353.75,   227.82
  343.50,   353.59,   352.59
  342.86,   353.45,   477.46
  473.75,   106.38,   227.78
  472.69,   105.94,   352.77
  471.88,   105.82,   477.89
  471.12,   231.03,   228.21
  470.59,   230.84,   352.98
  470.07,   230.92,   477.91
  468.55,   356.11,   228.66
  468.56,   355.97,   353.39
  468.04,   355.78,   478.16
  226.64,    98.37,   348.52
  229.16,   100.83,   473.42
  231.49,   103.19,   598.50
  226.04,   223.32,   346.02
  228.38,   225.72,   470.88
  230.57,   228.09,   596.17
  225.41,   348.06,   343.60
  227.81,   350.51,   468.60
  230.17,   353.01,   593.82
  351.19,    98.55,   345.83
  353.62,   100.96,   470.82
  356.19,   103.62,   595.99
  350.85,   223.46,   343.38
  353.42,   226.06,   468.25
  355.80,   228.71,   593.46
  350.55,   348.47,   341.15
  353.20,   350.96,   465.96
  355.20,   353.33,   590.97
  476.09,    98.97,   343.29
  478.46,   101.42,   468.36
  481.13,   104.23,   593.50
  475.78,   223.82,   340.91
  478.49,   226.51,   465.79
  481.09,   229.30,   590.86
  475.55,   348.95,   338.73
  478.34,   351.40,   463.46
  480.31,   353.75,   588.35
  227.02,    99.14,   475.08
  229.31,    98.40,   600.17
  231.53,    97.61,   725.31
  223.75,   224.02,   475.70
  225.88,   223.27,   601.01
  228.04,   222.41,   726.42
  220.70,   348.80,   476.57
  223.02,   348.21,   601.84
  225.35,   347.54,   727.17
  351.44,   101.81,   472.55
  353.94,   101.35,   597.75
  356.52,   100.89,   722.96
  348.77,   226.89,   473.15
  351.07,   226.43,   598.40
  353.29,   225.84,   723.72
  346.05,   351.77,   474.01
  347.97,   351.04,   599.07
  349.57,   350.23,   724.25
  476.25,   104.79,   470.18
  478.85,   104.49,   595.35
  481.56,   104.15,   720.45
  473.82,   229.86,   470.77
  476.33,   229.56,   595.87
  478.70,   229.13,   721.12
  471.19,   354.74,   471.58
  473.03,   353.97,   596.50
  474.41,   353.17,   721.60
  223.48,    99.99,   598.19
  224.48,   102.15,   723.34
  225.69,   104.42,   848.13
  224.90,   224.86,   595.95
  225.89,   226.98,   721.37
  227.35,   229.16,   846.06
  226.87,   349.78,   593.70
  228.03,   352.12,   719.03
  229.27,   354.19,   843.89
  348.16,    98.04,   596.95
  349.56,   100.57,   722.16
  351.05,   102.92,   847.00
  350.11,   223.14,   594.53
  351.16,   225.53,   719.86
  352.49,   227.66,   844.69
  351.90,   347.77,   592.12
  352.32,   349.93,   717.31
  353.31,   352.20,   842.28
  473.01,    96.26,   595.74
  474.57,    98.91,   720.83
  476.26,   101.23,   845.75
  475.41,   221.41,   593.21
  476.66,   223.98,   718.45
  477.78,   225.98,   843.52
  477.02,   345.85,   590.76
  477.26,   348.03,   715.86
  478.07,   350.30,   841.00
  226.20,   223.26,    98.70
  225.48,   220.63,   223.61
  224.72,   217.96,   348.23
  222.55,   348.27,   101.13
  221.81,   345.34,   226.09
  221.00,   342.64,   350.94
  218.96,   473.17,   103.67
  218.12,   470.18,   228.63
  217.16,   467.41,   353.66
  351.14,   226.95,    99.54
  350.18,   223.95,   224.31
  349.50,   221.21,   348.95
  347.16,   351.78,   102.24
  346.44,   348.86,   227.13
  346.14,   346.16,   351.85
  343.46,   476.66,   104.85
  342.81,   473.89,   229.83
  342.49,   471.17,   354.74
  476.04,   230.57,   100.35
  475.05,   227.43,   225.12
  474.41,   224.68,   349.86
  471.88,   355.30,   103.24
  471.24,   352.44,   228.11
  471.16,   349.75,   352.80
  468.18,   480.24,   105.93
  467.75,   477.60,   230.80
  467.69,   474.86,   355.68
  223.53,   223.73,   226.37
  222.04,   223.92,   351.01
  220.35,   224.02,   475.94
  222.65,   348.52,   226.00
  221.10,   348.67,   350.88
  219.48,   348.83,   475.94
  221.75,   473.45,   225.70
  220.07,   473.54,   350.75
  218.51,   473.73,   475.87
  348.27,   224.27,   227.72
  346.87,   224.41,   352.39
  345.40,   224.70,   477.33
  347.32,   349.26,   227.69
  346.30,   349.43,   352.44
  344.87,   349.61,   477.30
  346.48,   474.38,   227.54
  345.45,   474.52,   352.47
  343.98,   474.58,   477.37
  473.18,   224.96,   229.16
  471.82,   225.09,   353.94
  470.50,   225.50,   478.87
  472.18,   350.06,   229.31
  471.36,   350.24,   354.03
  470.05,   350.38,   478.80
  471.46,   475.30,   229.15
  470.68,   475.43,   354.05
  469.24,   475.38,   478.92
  226.96,   226.55,   348.84
  228.66,   229.14,   473.73
  230.22,   231.70,   599.03
  225.53,   351.28,   346.25
  227.29,   353.93,   471.27
  229.03,   356.62,   596.50
  223.98,   476.12,   343.66
  225.80,   478.79,   468.74
  227.74,   481.52,   593.90
  351.79,   227.51,   346.82
  353.73,   230.30,   471.71
  355.45,   233.12,   596.93
  350.69,   352.51,   344.43
  352.69,   355.18,   469.24
  354.03,   357.73,   594.26
  349.32,   477.59,   341.99
  351.28,   480.14,   466.86
  352.56,   482.52,   591.74
  476.73,   228.68,   344.98
  478.81,   231.55,   469.87
  480.74,   234.52,   594.94
  475.71,   353.80,   342.62
  477.85,   356.43,   467.36
  479.13,   358.94,   592.25
  474.50,   478.98,   340.17
  476.54,   481.43,   465.02
  477.61,   483.72,   589.81
  225.94,   226.34,   475.67
  229.11,   223.16,   600.93
  232.32,   219.87,   726.26
  225.97,   351.13,   478.93
  229.31,   348.08,   604.13
  232.64,   344.95,   729.39
  225.88,   475.99,   482.13
  229.45,   473.00,   607.24
  233.00,   470.08,   732.29
  350.97,   226.23,   472.06
  354.32,   223.34,   597.25
  357.63,   220.33,   722.51
  351.33,   351.10,   475.30
  354.28,   347.94,   600.29
  356.93,   344.69,   725.41
  351.32,   476.04,   478.62
  354.15,   472.68,   603.45
  356.65,   469.38,   728.27
  476.02,   226.21,   468.62
  479.59,   223.48,   593.67
  483.08,   220.64,   718.85
  476.46,   351.08,   471.81
  479.37,   347.90,   596.68
  481.87,   344.69,   721.72
  476.54,   476.05,   475.18
  479.16,   472.60,   599.92
  481.32,   469.25,   724.63
  223.74,   226.15,   599.36
  221.39,   229.47,   724.74
  219.52,   232.86,   849.37
  226.12,   351.05,   595.95
  223.95,   354.60,   721.24
  221.89,   357.87,   846.06
  228.39,   475.91,   592.46
  226.46,   479.66,   717.55
  224.45,   483.12,   842.35
  348.93,   224.13,   601.32
  346.61,   227.70,   726.61
  344.60,   231.00,   851.34
  351.09,   348.71,   597.75
  348.16,   352.08,   722.90
  345.89,   355.56,   847.82
  353.19,   473.44,   594.32
  350.16,   476.79,   719.18
  347.87,   480.49,   844.04
  474.23,   222.12,   603.37
  472.08,   225.85,   728.58
  469.84,   229.00,   853.56
  476.16,   346.48,   599.77
  473.02,   349.86,   724.83
  470.58,   353.36,   849.92
  478.17,   471.16,   596.41
  474.75,   474.43,   721.14
  472.42,   478.25,   846.13
  226.56,   350.48,    98.04
  229.65,   347.83,   222.98
  232.69,   345.42,   347.80
  228.59,   475.41,   100.28
  231.59,   472.73,   225.23
  234.53,   470.26,   350.22
  230.60,   600.30,   102.78
  233.54,   597.83,   227.70
  236.35,   595.31,   352.63
  351.22,   348.44,    95.21
  354.26,   345.79,   220.09
  357.81,   343.38,   344.78
  353.12,   473.34,    97.52
  356.26,   470.88,   222.48
  359.85,   468.45,   347.35
  355.39,   598.41,    99.82
  358.49,   596.01,   224.65
  361.73,   593.57,   349.70
  476.01,   346.41,    92.25
  479.05,   343.80,   217.12
  482.76,   341.39,   341.78
  477.88,   471.34,    94.65
  481.17,   469.00,   219.49
  484.96,   466.56,   344.33
  480.37,   596.56,    96.85
  483.50,   594.12,   221.50
  486.86,   591.65,   346.69
  224.92,   350.10,   223.85
  221.89,   348.55,   348.70
  218.77,   347.01,   473.71
  224.33,   475.03,   225.26
  221.16,   473.41,   350.27
  218.11,   471.89,   475.36
  223.72,   600.16,   226.93
  220.44,   598.47,   351.86
  217.31,   596.81,   476.87
  349.57,   350.51,   227.04
  347.06,   348.97,   351.76
  344.13,   347.44,   476.58
  349.04,   475.62,   228.61
  346.52,   474.05,   353.50
  343.55,   472.39,   478.35
  348.70,   600.78,   229.96
  345.83,   599.19,   355.02
  342.76,   597.48,   480.07
  474.41,   350.96,   230.16
  472.10,   349.43,   354.84
  469.29,   347.86,   479.57
  474.01,   476.20,   231.71
  471.73,   474.61,   356.57
  468.78,   472.85,   481.39
  473.75,   601.33,   232.89
  471.04,   599.74,   358.13
  468.06,   598.03,   483.25
  226.03,   350.09,   349.09
  224.11,   350.17,   474.14
  222.17,   350.31,   599.42
  224.59,   474.95,   349.03
  222.72,   475.07,   474.14
  221.02,   475.26,   599.34
  223.15,   600.03,   348.97
  221.21,   600.00,   474.01
  219.57,   600.06,   599.20
  351.21,   351.25,   350.96
  349.50,   351.36,   475.81
  347.14,   351.36,   600.89
  349.96,   476.35,   351.05
  348.19,   476.33,   475.94
  345.76,   476.16,   600.86
  348.56,   601.49,   350.92
  346.69,   601.43,   476.02
  344.59,   601.35,   600.98
  476.26,   352.48,   352.85
  474.66,   352.54,   477.61
  472.21,   352.51,   602.56
  475.17,   477.67,   352.93
  473.44,   477.54,   477.80
  470.73,   477.26,   602.60
  473.77,   602.79,   352.82
  471.99,   602.73,   478.00
  469.76,   602.67,   602.83
  223.26,   349.91,   473.97
  220.98,   353.11,   599.22
  218.78,   356.29,   724.52
  226.65,   474.72,   470.99
  224.56,   477.96,   596.14
  222.59,   481.33,   721.24
  229.91,   599.59,   467.88
  227.86,   602.69,   593.00
  226.04,   605.85,   718.17
  348.59,   346.39,   476.08
  345.90,   349.47,   601.13
  342.91,   352.44,   726.29
  352.08,   471.28,   473.22
  349.29,   474.18,   598.10
  346.22,   477.14,   722.97
  355.36,   596.31,   470.32
  352.88,   599.29,   595.24
  350.35,   602.36,   720.01
  473.70,   342.88,   478.31
  470.93,   345.93,   603.23
  467.71,   348.92,   728.31
  477.27,   467.78,   475.51
  474.22,   470.58,   600.28
  470.72,   473.46,   725.02
  480.59,   592.88,   472.73
  477.99,   595.88,   597.53
  475.17,   599.01,   722.09
  226.19,   351.59,   600.75
  223.59,   348.19,   726.04
  221.10,   344.50,   850.82
  224.61,   476.50,   604.14
  222.28,   473.33,   729.23
  219.80,   469.75,   853.99
  222.75,   601.25,   607.47
  220.64,   597.90,   732.61
  218.42,   594.49,   857.38
  351.14,   353.00,   602.96
  347.80,   349.45,   728.11
  345.21,   346.02,   853.01
  349.30,   477.74,   606.39
  345.89,   474.18,   731.24
  343.30,   470.97,   856.12
  347.72,   602.89,   609.97
  344.85,   599.42,   734.72
  342.31,   596.07,   859.48
  476.18,   354.50,   605.37
  472.62,   350.97,   730.43
  469.89,   347.57,   855.54
  474.23,   479.20,   608.87
  470.41,   475.56,   733.58
  467.85,   472.51,   858.65
  472.86,   604.59,   612.55
  469.69,   601.16,   737.07
  467.03,   597.84,   861.96
  224.12,   474.01,    98.74
  224.17,   476.71,   223.70
  224.10,   479.62,   348.73
  226.48,   598.86,    95.90
  226.49,   601.80,   220.85
  226.31,   604.67,   345.79
  228.84,   723.77,    93.17
  228.71,   726.92,   218.14
  228.55,   730.04,   342.79
  348.67,   471.49,    99.02
  348.87,   474.42,   224.00
  349.47,   477.39,   348.90
  351.30,   596.53,    95.99
  351.46,   599.53,   220.82
  351.71,   602.49,   345.89
  354.19,   721.63,    93.04
  354.04,   724.51,   217.46
  353.87,   727.56,   342.64
  473.42,   469.05,    99.20
  473.83,   472.12,   224.06
  474.67,   475.08,   348.93
  476.29,   594.25,    96.06
  476.50,   597.21,   220.71
  476.90,   600.15,   345.93
  479.31,   719.44,    92.88
  479.20,   722.08,   217.28
  479.02,   725.07,   342.80
  225.41,   474.37,   222.83
  228.69,   477.55,   347.80
  232.07,   480.82,   472.84
  228.25,   599.43,   219.63
  231.41,   602.58,   344.52
  234.70,   605.71,   469.49
  231.00,   724.53,   216.56
  234.16,   727.92,   341.16
  237.42,   730.87,   466.01
  350.04,   471.47,   219.82
  353.98,   474.72,   344.68
  357.50,   477.86,   469.49
  353.15,   596.56,   216.30
  356.75,   599.80,   341.31
  360.16,   602.91,   466.35
  356.27,   721.52,   212.60
  359.44,   724.84,   337.71
  362.76,   728.02,   463.06
  474.90,   468.56,   216.59
  479.09,   471.80,   341.40
  482.68,   474.85,   466.20
  478.12,   593.64,   212.90
  481.86,   596.85,   338.03
  485.36,   599.96,   463.16
  481.37,   718.51,   209.11
  484.52,   721.76,   334.55
  487.87,   725.07,   460.02
  226.89,   474.11,   348.86
  228.50,   474.51,   473.97
  230.21,   474.96,   599.16
  223.63,   599.16,   348.57
  225.16,   599.41,   473.62
  226.96,   599.75,   598.81
  220.41,   724.54,   348.23
  221.90,   724.56,   473.14
  223.65,   724.56,   598.42
  352.21,   477.32,   347.42
  353.94,   477.58,   472.30
  354.96,   477.68,   597.21
  349.00,   602.43,   347.05
  350.62,   602.66,   472.16
  351.99,   602.86,   597.13
  345.70,   727.54,   346.46
  347.26,   727.81,   471.85
  349.07,   728.26,   597.10
  477.37,   480.45,   345.82
  479.15,   480.61,   470.71
  479.97,   480.62,   595.52
  474.17,   605.54,   345.46
  475.87,   605.77,   470.67
  477.16,   606.00,   595.53
  470.84,   730.48,   344.99
  472.44,   730.93,   470.54
  474.35,   731.71,   595.64
  223.97,   473.97,   474.58
  226.08,   472.05,   599.76
  228.22,   470.22,   724.88
  221.80,   598.87,   476.60
  224.00,   596.84,   601.77
  226.38,   594.87,   726.94
  219.71,   724.01,   478.49
  221.85,   721.63,   603.76
  224.26,   719.30,   729.26
  349.43,   475.91,   472.58
  350.85,   473.64,   597.47
  351.91,   471.41,   722.35
  347.27,   600.99,   474.80
  349.01,   598.80,   599.74
  350.63,   596.69,   724.52
  345.09,   726.15,   476.88
  347.28,   724.21,   602.09
  349.52,   722.23,   727.02
  474.67,   477.82,   470.64
  475.86,   475.44,   595.42
  476.56,   473.15,   720.18
  472.56,   602.97,   472.97
  474.19,   600.80,   597.80
  475.54,   598.75,   722.37
  470.30,   728.16,   475.22
  472.58,   726.54,   600.28
  474.84,   724.80,   724.82
  225.87,   474.02,   598.83
  224.77,   471.93,   723.97
  223.54,   469.49,   848.79
  226.48,   598.82,   601.10
  225.59,   596.56,   726.28
  224.62,   594.25,   851.12
  227.04,   723.64,   603.36
  226.17,   721.02,   728.85
  225.27,   718.66,   853.90
  350.64,   472.85,   599.77
  348.46,   470.37,   724.68
  347.03,   468.24,   849.59
  351.52,   598.02,   602.30
  349.85,   595.63,   727.08
  348.52,   593.39,   851.89
  352.51,   723.47,   604.92
  351.46,   721.19,   729.84
  350.10,   718.53,   854.48
  475.64,   471.88,   600.95
  473.05,   469.32,   725.72
  471.61,   467.32,   850.79
  476.68,   597.25,   603.57
  474.73,   594.91,   728.15
  473.28,   592.72,   853.04
  477.83,   723.03,   606.31
  476.77,   720.97,   730.84
  475.22,   718.12,   855.34
  224.21,   598.54,    99.52
  226.81,   597.49,   224.47
  229.25,   596.37,   349.42
  223.38,   723.50,   100.81
  225.89,   722.68,   225.75
  228.34,   721.77,   350.40
  222.47,   848.45,   102.01
  225.06,   847.72,   226.99
  227.37,   847.18,   351.40
  349.02,   599.37,    96.95
  351.77,   598.39,   221.79
  354.64,   597.36,   346.87
  348.77,   724.50,    97.97
  351.20,   723.42,   222.44
  353.66,   722.49,   347.63
  348.39,   849.41,    99.19
  350.45,   848.24,   223.57
  352.61,   847.43,   348.57
  474.02,   600.25,    94.37
  476.81,   599.22,   219.01
  479.81,   598.18,   344.23
  473.91,   725.46,    95.15
  476.36,   724.14,   219.58
  478.80,   723.16,   345.13
  473.33,   850.23,    96.24
  475.73,   848.99,   220.81
  477.91,   847.90,   346.12
  225.58,   599.74,   223.75
  223.69,   597.14,   348.69
  221.96,   594.55,   473.72
  224.83,   724.92,   226.49
  222.96,   722.53,   351.14
  221.18,   719.69,   476.04
  224.18,   849.94,   229.18
  222.16,   847.94,   353.59
  220.59,   845.24,   478.37
  350.57,   600.41,   225.39
  349.11,   597.90,   350.47
  347.45,   595.28,   475.53
  350.16,   725.43,   227.49
  348.29,   723.02,   352.70
  346.59,   720.44,   478.05
  349.55,   850.23,   230.08
  347.41,   847.97,   355.09
  345.79,   845.62,   480.43
  475.64,   601.02,   226.94
  474.33,   598.50,   352.18
  472.75,   595.87,   477.32
  475.33,   725.92,   228.98
  473.46,   723.46,   354.54
  471.83,   721.08,   480.02
  474.85,   850.73,   231.67
  472.71,   848.19,   356.98
  470.92,   846.07,   482.47
  225.80,   598.55,   348.04
  224.86,   602.00,   473.05
  224.19,   605.51,   598.19
  225.69,   723.92,   344.47
  224.71,   727.16,   469.33
  223.98,   730.33,   594.55
  225.52,   849.25,   340.93
  224.72,   852.71,   465.65
  224.10,   855.52,   590.90
  351.22,   598.75,   349.00
  350.36,   602.16,   474.05
  349.27,   605.56,   598.99
  351.03,   723.84,   345.17
  350.12,   727.31,   470.52
  349.46,   730.96,   595.73
  350.79,   848.73,   341.54
  349.92,   852.43,   466.85
  349.38,   856.07,   592.24
  476.44,   598.77,   349.88
  475.67,   602.19,   475.03
  474.47,   605.63,   599.84
  476.20,   723.71,   346.19
  475.35,   727.36,   471.67
  474.79,   731.33,   596.72
  476.12,   848.41,   342.59
  475.07,   852.25,   468.05
  474.56,   856.40,   593.31
  225.53,   598.43,   475.07
  224.43,   600.80,   600.24
  223.56,   603.21,   725.43
  228.95,   723.55,   472.57
  227.79,   725.59,   597.82
  226.90,   727.65,   723.31
  232.53,   849.05,   470.08
  231.45,   850.73,   595.38
  230.34,   852.82,   720.78
  350.98,   595.02,   476.57
  349.42,   597.24,   601.52
  347.80,   599.57,   726.31
  354.33,   720.14,   474.27
  353.21,   722.64,   599.47
  352.19,   725.09,   724.41
  357.69,   845.24,   471.82
  356.73,   847.79,   597.23
  355.87,   850.29,   722.19
  476.24,   591.47,   478.04
  474.53,   593.70,   602.85
  472.60,   596.08,   727.44
  479.51,   716.63,   475.91
  478.47,   719.40,   600.93
  477.45,   722.09,   725.49
  482.77,   841.56,   473.53
  481.89,   844.57,   598.78
  481.32,   847.29,   723.42
  225.61,   599.05,   600.42
  224.89,   597.34,   725.61
  224.10,   595.57,   850.46
  228.62,   723.86,   602.15
  227.91,   721.79,   727.65
  227.18,   719.97,   852.71
  231.91,   848.98,   603.86
  230.97,   846.96,   729.29
  230.01,   845.64,   854.20
  350.60,   595.81,   601.41
  349.11,   593.97,   726.20
  347.95,   592.28,   851.02
  354.05,   721.23,   603.50
  353.16,   719.52,   728.42
  351.98,   717.41,   853.08
  357.22,   846.42,   605.42
  356.55,   844.77,   730.36
  355.42,   842.72,   854.72
  475.72,   592.59,   602.47
  473.91,   590.78,   727.06
  472.64,   589.16,   851.96
  479.32,   718.32,   604.68
  478.41,   716.82,   729.22
  477.05,   714.55,   853.74
  482.41,   843.55,   606.67
  482.02,   842.10,   731.27
  480.92,   839.62,   855.57
  351.98,   100.43,   101.82
  353.08,    99.54,   226.64
  354.26,    98.52,   351.53
  354.43,   225.34,   102.82
  355.66,   224.25,   227.60
  357.17,   223.43,   352.27
  356.73,   350.21,   103.62
  358.21,   349.22,   228.52
  360.14,   348.44,   353.26
  476.98,    97.85,   100.29
  478.11,    96.89,   225.11
  479.15,    95.78,   350.10
  479.38,   222.68,   101.33
  480.57,   221.46,   226.12
  482.10,   220.63,   350.91
  481.53,   347.47,   102.30
  483.05,   346.52,   227.20
  485.13,   345.75,   351.92
  601.73,    95.21,    98.99
  603.15,    94.25,   223.90
  604.47,    93.39,   348.88
  604.36,   220.08,    99.92
  605.78,   219.06,   224.85
  607.22,   218.23,   349.74
  606.76,   344.89,   100.67
  608.17,   344.09,   225.69
  609.91,   343.13,   350.58
  348.45,   101.38,   223.44
  347.16,   102.80,   348.31
  346.04,   104.41,   473.33
  345.96,   226.12,   222.00
  345.00,   227.72,   346.65
  343.98,   229.49,   471.57
  343.44,   351.07,   220.46
  342.84,   352.71,   345.22
  341.87,   354.37,   470.07
  473.47,   103.76,   224.36
  472.04,   105.09,   349.33
  470.86,   106.76,   474.43
  470.85,   228.37,   222.98
  469.93,   229.97,   347.74
  469.06,   231.84,   472.65
  468.25,   353.43,   221.63
  467.89,   355.09,   346.35
  467.05,   356.71,   471.11
  598.54,   106.20,   225.62
  597.35,   107.76,   350.59
  596.24,   109.51,   475.64
  596.04,   231.01,   224.15
  595.04,   232.59,   349.01
  594.06,   234.32,   473.89
  593.35,   356.05,   222.60
  592.71,   357.54,   347.46
  591.82,   359.05,   472.33
  350.82,    99.25,   349.99
  348.10,    96.01,   474.98
  345.49,    92.97,   600.11
  354.66,   224.09,   353.24
  352.03,   221.05,   478.13
  349.22,   218.05,   603.35
  358.57,   349.04,   356.74
  355.97,   345.86,   481.53
  352.73,   342.60,   606.56
  475.64,    95.48,   352.55
  472.81,    92.25,   477.61
  470.23,    89.32,   602.72
  479.54,   220.28,   355.87
  477.04,   217.34,   480.75
  474.48,   214.52,   605.84
  483.54,   345.33,   359.38
  481.04,   342.12,   484.09
  477.77,   338.86,   609.01
  600.91,    92.08,   355.32
  598.18,    88.94,   480.35
  595.52,    85.89,   605.42
  604.62,   216.85,   358.69
  602.01,   213.77,   483.53
  599.45,   210.80,   608.49
  608.27,   341.68,   362.04
  605.73,   338.40,   486.87
  602.80,   335.22,   611.84
  351.20,    99.36,   475.21
  354.71,   100.85,   600.38
  358.30,   102.35,   725.56
  349.31,   224.46,   473.86
  352.63,   225.95,   599.08
  355.86,   227.30,   724.37
  347.39,   349.35,   472.76
  350.33,   350.57,   597.79
  352.92,   351.69,   722.94
  475.98,   101.50,   471.79
  479.60,   103.15,   596.92
  483.35,   104.76,   722.00
  474.35,   226.59,   470.43
  477.88,   228.23,   595.50
  481.27,   229.75,   720.72
  472.52,   351.48,   469.29
  475.39,   352.66,   594.19
  477.78,   353.80,   719.25
  601.35,   104.05,   468.48
  604.90,   105.57,   593.55
  608.47,   106.93,   718.58
  599.31,   228.87,   467.16
  602.84,   230.35,   592.12
  606.27,   231.74,   717.23
  597.23,   353.61,   466.00
  600.42,   354.89,   590.99
  603.31,   356.15,   715.99
  348.24,   101.93,   601.33
  348.65,    99.09,   726.52
  349.13,    96.08,   851.34
  349.11,   227.01,   604.30
  349.17,   224.05,   729.61
  349.60,   220.82,   854.34
  349.74,   351.61,   607.25
  349.20,   348.44,   732.43
  349.43,   345.40,   857.35
  473.16,   101.28,   601.06
  473.69,    98.53,   726.14
  474.33,    95.47,   851.03
  474.44,   226.39,   603.89
  474.68,   223.60,   729.14
  474.88,   220.22,   854.15
  474.85,   350.77,   606.81
  474.11,   347.63,   731.91
  474.18,   344.61,   857.05
  598.51,   100.75,   600.86
  598.88,    97.80,   725.90
  599.25,    94.44,   850.90
  599.48,   225.58,   603.67
  599.78,   222.68,   728.82
  599.94,   219.13,   853.97
  599.97,   350.07,   606.78
  599.70,   347.03,   731.79
  599.81,   343.98,   856.78
  350.60,   223.42,   101.20
  354.01,   220.35,   225.91
  357.69,   217.54,   350.50
  353.75,   348.24,   103.90
  357.41,   345.27,   228.73
  361.51,   342.51,   353.39
  357.16,   473.13,   106.51
  360.92,   470.32,   231.44
  365.06,   467.55,   356.28
  475.51,   220.02,    97.46
  478.86,   216.80,   222.17
  482.55,   213.98,   346.89
  478.49,   344.74,   100.34
  482.16,   341.80,   225.17
  486.42,   339.04,   349.81
  481.87,   469.66,   103.04
  485.80,   466.96,   227.85
  490.12,   464.16,   352.66
  600.40,   216.65,    93.80
  604.01,   213.63,   218.67
  607.63,   210.82,   343.48
  603.64,   341.39,    96.47
  607.23,   338.61,   221.41
  611.14,   335.68,   346.23
  607.08,   466.24,    99.13
  610.69,   463.62,   224.06
  614.64,   460.61,   348.94
  348.92,   224.20,   226.71
  346.45,   222.88,   351.35
  343.90,   221.74,   476.27
  346.49,   349.16,   228.08
  344.39,   347.88,   352.81
  341.88,   346.62,   477.65
  344.17,   474.25,   229.34
  342.06,   472.94,   354.25
  339.50,   471.55,   479.12
  473.79,   226.34,   229.25
  471.37,   225.02,   354.00
  468.97,   223.98,   478.91
  471.32,   351.41,   230.80
  469.43,   350.15,   355.49
  467.03,   348.84,   480.24
  469.13,   476.63,   232.05
  467.27,   475.31,   356.93
  464.74,   473.81,   481.76
  598.97,   228.88,   231.99
  596.46,   227.54,   356.84
  593.97,   226.36,   481.71
  596.38,   353.91,   233.34
  594.22,   352.47,   358.17
  591.79,   351.08,   483.03
  594.10,   478.98,   234.55
  591.96,   477.49,   359.48
  589.49,   476.01,   484.51
  348.92,   225.40,   351.21
  347.29,   228.61,   476.11
  345.44,   231.85,   601.34
  348.37,   350.39,   348.35
  346.79,   353.48,   473.17
  344.57,   356.46,   598.21
  347.54,   475.45,   345.47
  345.93,   478.42,   470.32
  343.66,   481.25,   595.22
  473.87,   226.10,   352.92
  472.39,   229.41,   477.81
  470.76,   232.81,   602.90
  473.42,   351.21,   350.09
  471.96,   354.26,   474.83
  469.65,   357.20,   599.73
  472.76,   476.37,   347.20
  471.20,   479.24,   472.04
  468.66,   481.95,   596.81
  599.00,   227.17,   354.81
  597.41,   230.34,   479.67
  595.79,   233.59,   604.64
  598.24,   352.09,   351.82
  596.74,   355.05,   476.67
  594.73,   358.09,   601.67
  597.47,   477.11,   348.80
  595.94,   479.98,   473.82
  593.88,   482.94,   598.84
  349.39,   226.31,   473.22
  347.65,   227.68,   598.49
  345.80,   228.90,   723.83
  346.82,   351.19,   472.15
  344.71,   352.30,   597.22
  342.30,   353.32,   722.43
  343.89,   476.13,   471.15
  341.72,   477.08,   596.08
  339.27,   478.10,   721.00
  474.46,   229.15,   474.83
  472.93,   230.68,   599.95
  471.23,   232.06,   725.21
  471.97,   354.01,   473.70
  469.76,   355.08,   598.64
  467.07,   356.10,   723.74
  469.13,   479.00,   472.77
  466.67,   479.82,   597.57
  463.75,   480.74,   722.33
  599.45,   232.12,   476.59
  597.92,   233.50,   601.60
  596.30,   234.79,   726.76
  596.71,   356.84,   475.45
  594.80,   358.00,   600.48
  592.57,   359.13,   725.49
  593.85,   481.78,   474.45
  591.87,   482.86,   599.49
  589.55,   484.03,   724.29
  348.01,   223.91,   601.86
  346.33,   221.19,   727.18
  345.00,   218.21,   851.92
  345.95,   348.51,   604.56
  343.69,   345.60,   729.75
  342.15,   342.78,   854.67
  343.82,   473.26,   607.37
  341.47,   470.33,   732.27
  339.93,   467.74,   857.16
  473.33,   225.97,   603.27
  471.81,   223.42,   728.52
  470.25,   220.30,   853.52
  471.01,   350.35,   605.92
  468.52,   347.45,   731.03
  466.82,   344.67,   856.16
  468.76,   475.04,   608.79
  465.96,   472.02,   733.55
  464.44,   469.59,   858.65
  598.34,   227.84,   604.86
  596.89,   225.19,   730.01
  595.29,   221.89,   855.15
  596.10,   352.32,   607.70
  594.03,   349.51,   732.70
  592.38,   346.71,   857.69
  594.03,   477.15,   610.69
  591.84,   474.37,   735.45
  590.27,   471.94,   860.32
  350.43,   350.07,    98.65
  349.26,   351.01,   223.56
  348.55,   352.17,   348.32
  347.39,   474.99,    97.39
  346.28,   476.09,   222.39
  345.55,   477.23,   347.33
  344.68,   600.04,    96.16
  343.51,   601.21,   221.02
  342.43,   602.34,   346.10
  475.18,   352.95,    99.96
  474.08,   353.96,   224.86
  473.58,   355.13,   349.58
  472.14,   477.92,    98.79
  471.23,   479.16,   223.67
  470.75,   480.29,   348.58
  469.68,   603.14,    97.43
  468.55,   604.26,   222.11
  467.63,   605.38,   347.37
  600.36,   356.00,   100.93
  599.16,   357.15,   225.96
  598.37,   358.15,   350.82
  597.36,   480.93,    99.77
  596.22,   482.21,   224.74
  595.43,   483.16,   349.70
  594.82,   606.18,    98.58
  593.58,   607.21,   223.36
  592.38,   608.25,   348.58
  348.01,   348.24,   225.44
  348.70,   351.32,   350.17
  349.00,   354.41,   475.00
  348.95,   473.32,   222.39
  349.65,   476.38,   347.30
  349.92,   479.36,   472.16
  350.12,   598.44,   219.12
  350.48,   601.50,   344.18
  350.64,   604.43,   469.26
  472.86,   347.22,   225.37
  473.76,   350.32,   350.07
  474.18,   353.37,   474.81
  473.92,   472.42,   222.31
  474.87,   475.48,   347.19
  475.19,   478.35,   472.03
  475.19,   597.54,   218.88
  475.69,   600.57,   344.08
  475.95,   603.51,   469.26
  597.99,   346.47,   225.12
  598.58,   349.39,   349.96
  598.96,   352.35,   474.82
  598.94,   471.53,   222.03
  599.57,   474.40,   346.94
  599.93,   477.27,   471.97
  600.24,   596.54,   218.77
  600.45,   599.47,   343.92
  600.70,   602.44,   469.08
  350.39,   348.01,   349.93
  350.36,   349.35,   474.79
  349.71,   350.59,   599.87
  348.67,   473.09,   348.81
  348.61,   474.31,   473.70
  347.87,   475.37,   598.63
  346.81,   598.22,   347.46
  346.65,   599.40,   472.55
  346.24,   600.55,   597.53
  475.43,   349.69,   350.12
  475.53,   350.99,   474.89
  474.80,   352.20,   599.84
  473.88,   474.87,   348.98
  473.87,   475.99,   473.86
  472.88,   476.94,   598.67
  472.03,   599.98,   347.64
  471.95,   601.16,   472.83
  471.43,   602.34,   597.69
  600.25,   351.44,   350.29
  600.30,   352.64,   475.18
  599.89,   353.94,   600.22
  598.57,   476.47,   349.03
  598.61,   477.59,   474.08
  598.13,   478.81,   599.16
  596.79,   601.57,   347.76
  596.71,   602.79,   472.96
  596.54,   604.14,   597.96
  351.67,   351.19,   475.60
  354.28,   347.88,   600.59
  356.59,   344.48,   725.73
  355.06,   476.08,   478.98
  357.54,   472.56,   603.81
  359.67,   469.11,   728.63
  358.25,   601.10,   482.33
  361.07,   597.69,   607.19
  363.74,   594.35,   731.87
  476.76,   347.78,   472.36
  479.35,   344.46,   597.23
  481.53,   341.11,   722.30
  480.23,   472.69,   475.79
  482.51,   469.09,   600.54
  484.33,   465.59,   725.26
  483.46,   597.79,   479.25
  486.17,   594.39,   604.00
  488.60,   591.11,   728.53
  601.44,   344.39,   469.31
  604.35,   341.15,   594.27
  607.03,   337.91,   719.25
  604.88,   469.24,   472.68
  607.71,   465.93,   597.70
  610.29,   462.72,   722.50
  608.11,   594.35,   476.02
  611.23,   591.14,   600.98
  614.21,   588.09,   725.71
  348.40,   348.68,   597.87
  344.92,   348.18,   723.07
  342.09,   347.76,   848.03
  344.94,   473.44,   598.23
  341.40,   472.92,   723.15
  338.57,   472.72,   848.05
  341.67,   598.58,   598.73
  338.67,   598.14,   723.55
  335.96,   597.83,   848.35
  473.41,   351.89,   600.41
  469.68,   351.39,   725.51
  466.70,   351.01,   850.65
  469.85,   476.60,   600.83
  465.86,   475.98,   725.59
  463.01,   475.93,   850.65
  466.79,   601.97,   601.44
  463.47,   601.58,   726.02
  460.60,   601.30,   850.89
  598.42,   355.23,   603.36
  595.15,   354.83,   728.36
  592.25,   354.46,   853.35
  595.04,   480.07,   603.88
  591.65,   479.70,   728.66
  588.81,   479.67,   853.51
  591.86,   605.40,   604.29
  588.93,   605.20,   728.98
  586.14,   604.93,   853.78
  349.98,   474.18,    99.15
  347.69,   470.73,   224.09
  345.78,   467.32,   348.95
  347.09,   599.20,   102.41
  344.74,   595.81,   227.24
  342.48,   592.38,   352.27
  344.43,   724.23,   105.72
  341.72,   720.80,   230.23
  339.08,   717.45,   355.37
  474.71,   477.23,   101.85
  472.62,   473.91,   226.67
  470.95,   470.48,   351.51
  472.07,   602.40,   104.96
  469.76,   598.97,   229.65
  467.67,   595.53,   354.85
  469.57,   727.46,   107.97
  466.85,   723.82,   232.55
  464.21,   720.45,   358.07
  599.91,   480.35,   104.12
  597.59,   477.06,   229.05
  595.62,   473.46,   353.94
  597.19,   605.54,   107.41
  594.75,   602.02,   232.21
  592.38,   598.50,   357.35
  594.48,   730.61,   110.59
  591.83,   726.90,   235.47
  589.08,   723.53,   360.82
  348.58,   473.08,   224.76
  349.74,   473.23,   349.70
  350.46,   473.29,   474.59
  346.06,   598.22,   224.43
  346.86,   598.35,   349.53
  347.47,   598.36,   474.63
  343.50,   723.25,   223.94
  343.91,   723.47,   349.13
  344.47,   723.52,   474.52
  473.53,   475.89,   224.20
  474.92,   476.02,   349.11
  475.69,   475.98,   473.99
  471.11,   601.01,   223.69
  472.06,   601.13,   348.95
  472.76,   601.14,   474.15
  468.67,   725.91,   223.10
  469.06,   726.08,   348.67
  469.68,   726.33,   474.21
  598.53,   478.69,   223.43
  599.59,   478.64,   348.39
  600.40,   478.59,   473.45
  596.14,   603.70,   223.10
  596.80,   603.73,   348.31
  597.49,   603.78,   473.51
  593.69,   728.63,   222.88
  593.98,   728.80,   348.29
  594.51,   729.08,   473.52
  348.36,   474.60,   351.76
  350.37,   475.02,   476.64
  351.69,   475.28,   601.55
  351.85,   599.70,   351.15
  353.76,   600.08,   476.25
  355.41,   600.44,   601.20
  355.25,   724.78,   350.32
  357.12,   725.23,   475.73
  359.24,   725.88,   600.95
  473.51,   471.03,   349.89
  475.58,   471.35,   474.74
  476.66,   471.52,   599.55
  477.00,   596.11,   349.29
  479.01,   596.48,   474.46
  480.54,   596.86,   599.30
  480.35,   721.04,   348.59
  482.28,   721.66,   474.10
  484.46,   722.57,   599.15
  598.15,   467.29,   347.89
  600.26,   467.61,   472.92
  601.87,   468.05,   598.00
  601.68,   592.34,   347.36
  603.69,   592.75,   472.53
  605.60,   593.31,   597.55
  605.21,   717.41,   346.91
  607.05,   718.03,   472.08
  609.24,   718.76,   597.01
  350.23,   475.20,   476.71
  352.78,   477.73,   601.56
  355.00,   480.32,   726.39
  348.72,   600.28,   474.13
  351.63,   602.91,   599.04
  354.45,   605.64,   723.78
  347.18,   725.43,   471.39
  350.53,   728.32,   596.58
  353.97,   731.21,   721.49
  475.45,   476.36,   473.55
  477.78,   478.79,   598.31
  479.67,   481.33,   723.02
  473.99,   601.51,   471.08
  476.80,   604.18,   595.89
  479.40,   606.98,   720.44
  472.37,   726.68,   468.51
  475.80,   729.88,   593.56
  479.29,   733.02,   718.10
  600.15,   477.44,   470.45
  603.02,   480.15,   595.48
  605.63,   482.98,   720.28
  598.70,   602.61,   467.88
  601.86,   605.45,   592.84
  604.91,   608.44,   717.56
  597.18,   727.89,   465.26
  600.60,   730.93,   590.15
  604.22,   733.85,   714.86
  351.18,   476.63,   601.04
  353.94,   479.63,   725.84
  357.48,   483.01,   850.67
  354.95,   601.75,   597.96
  358.28,   604.88,   722.67
  361.90,   608.12,   847.40
  358.78,   727.14,   594.98
  362.76,   730.47,   719.83
  366.40,   733.34,   844.36
  476.13,   472.76,   597.36
  478.53,   475.69,   722.06
  482.04,   479.18,   847.04
  480.04,   598.05,   594.40
  483.13,   601.25,   718.92
  486.65,   604.56,   843.69
  483.96,   723.69,   591.52
  487.95,   727.24,   716.03
  491.54,   729.99,   840.40
  601.29,   469.16,   594.12
  604.40,   472.38,   718.90
  607.96,   475.91,   843.63
  605.04,   594.37,   590.95
  608.60,   597.77,   715.66
  612.25,   601.12,   840.37
  608.68,   719.78,   587.69
  612.79,   723.09,   712.41
  616.67,   725.93,   837.11
  349.52,   600.37,    99.01
  346.91,   603.49,   223.81
  344.37,   606.56,   348.84
  352.93,   725.44,    95.99
  349.99,   728.45,   220.41
  347.05,   731.63,   345.54
  356.22,   850.32,    93.18
  352.94,   853.19,   217.52
  349.69,   856.48,   342.47
  474.47,   597.64,   101.81
  471.93,   600.71,   226.47
  469.56,   603.77,   351.67
  478.02,   722.77,    98.54
  475.11,   725.57,   222.99
  472.18,   728.68,   348.49
  481.09,   847.50,    95.60
  478.15,   850.35,   220.17
  474.95,   853.34,   345.43
  599.57,   594.83,   104.50
  596.90,   597.84,   229.28
  594.28,   600.81,   354.42
  602.92,   719.99,   101.37
  600.08,   722.74,   226.18
  597.06,   725.85,   351.51
  605.67,   844.65,    98.31
  603.08,   847.59,   223.46
  600.06,   850.72,   348.60
  351.91,   599.90,   222.96
  354.13,   601.78,   348.03
  356.15,   603.54,   473.12
  350.63,   724.92,   220.72
  352.43,   726.89,   345.89
  354.39,   728.71,   471.28
  349.18,   849.71,   218.97
  350.67,   851.80,   343.96
  352.68,   853.84,   469.30
  476.96,   601.40,   220.80
  479.31,   603.26,   346.03
  481.41,   605.02,   471.22
  475.80,   726.30,   218.48
  477.57,   728.21,   344.01
  479.58,   730.21,   469.53
  474.46,   851.14,   216.82
  475.98,   852.93,   342.11
  477.79,   855.12,   467.59
  602.00,   602.81,   218.80
  604.03,   604.57,   343.97
  606.11,   606.37,   469.13
  600.82,   727.75,   216.86
  602.50,   729.66,   342.23
  604.40,   731.67,   467.40
  599.43,   852.65,   215.30
  601.15,   854.57,   340.48
  602.81,   856.65,   465.54
  348.81,   598.94,   351.95
  347.83,   600.33,   477.04
  346.60,   601.71,   602.01
  346.36,   724.05,   350.14
  345.33,   725.50,   475.51
  344.54,   727.11,   600.75
  343.85,   849.00,   348.51
  342.89,   850.66,   473.85
  342.23,   852.25,   599.27
  474.02,   601.21,   352.94
  473.12,   602.61,   478.12
  471.77,   604.02,   602.96
  471.52,   726.17,   351.25
  470.55,   727.81,   476.77
  469.87,   729.76,   601.85
  469.15,   850.88,   349.65
  468.01,   852.75,   475.16
  467.42,   854.88,   600.45
  598.75,   603.31,   353.86
  597.87,   604.76,   479.05
  596.89,   606.35,   604.03
  596.44,   728.40,   352.44
  595.39,   730.06,   477.63
  594.74,   731.88,   602.58
  594.31,   853.29,   350.98
  593.02,   855.04,   476.09
  592.33,   856.79,   601.08
  349.61,   599.72,   476.31
  347.57,   596.68,   601.23
  345.42,   593.73,   726.01
  349.76,   724.88,   479.23
  348.16,   722.10,   604.40
  346.62,   719.24,   729.32
  349.96,   850.03,   482.01
  348.51,   847.28,   607.39
  347.15,   844.49,   732.34
  474.91,   599.30,   478.21
  472.73,   596.27,   602.99
  470.27,   593.35,   727.55
  474.99,   724.51,   481.30
  473.49,   722.03,   606.30
  471.93,   719.41,   730.81
  475.08,   849.48,   484.15
  473.75,   847.25,   609.36
  472.69,   844.69,   733.94
  599.67,   598.75,   479.96
  597.86,   595.92,   604.92
  595.84,   593.21,   729.61
  599.83,   724.07,   482.96
  598.37,   721.45,   607.86
  596.98,   718.70,   732.54
  600.08,   849.09,   485.85
  598.65,   846.43,   610.79
  597.67,   843.58,   735.66
  351.11,   601.48,   601.61
  350.07,   604.42,   726.40
  349.34,   607.46,   851.20
  350.73,   726.90,   598.91
  350.28,   729.96,   723.86
  349.54,   732.62,   848.49
  350.07,   852.04,   595.98
  349.76,   855.12,   720.97
  349.08,   857.99,   845.33
  476.30,   602.11,   602.33
  475.00,   605.13,   726.91
  474.15,   608.22,   851.76
  476.06,   727.84,   599.76
  475.65,   731.17,   724.31
  474.75,   733.64,   848.74
  475.27,   852.96,   596.91
  475.24,   856.28,   721.57
  474.66,   858.72,   845.87
  601.43,   602.78,   603.18
  600.56,   605.98,   727.90
  599.78,   609.07,   852.68
  600.92,   728.27,   600.24
  600.66,   731.41,   724.96
  600.04,   733.96,   849.67
  600.18,   853.19,   597.28
  600.21,   856.18,   722.20
  599.79,   858.71,   847.14
  473.28,    99.19,   100.80
  475.53,   102.25,   225.55
  477.71,   105.22,   350.47
  475.25,   224.01,    97.77
  477.54,   226.84,   222.51
  480.24,   230.06,   347.24
  477.00,   348.77,    94.65
  479.56,   351.86,   219.52
  482.81,   355.16,   344.19
  598.03,    96.91,    98.44
  600.57,   100.00,   223.29
  603.02,   103.19,   348.22
  600.20,   221.76,    95.29
  602.74,   224.78,   220.17
  605.33,   228.00,   345.00
  602.19,   346.52,    91.98
  604.68,   349.79,   216.94
  607.57,   352.90,   341.77
  722.74,    94.50,    96.23
  725.54,    97.73,   221.29
  728.44,   101.31,   346.12
  725.25,   219.48,    92.90
  728.14,   222.83,   217.98
  730.48,   226.09,   342.83
  727.64,   344.37,    89.25
  730.25,   347.84,   214.13
  732.31,   350.69,   339.31
  473.89,    99.77,   225.89
  472.09,    97.49,   350.86
  470.51,    95.50,   475.97
  471.08,   224.35,   228.09
  469.79,   222.35,   352.85
  468.53,   220.62,   477.77
  468.33,   349.41,   230.34
  467.59,   347.45,   355.04
  466.35,   345.47,   479.79
  598.94,   102.36,   227.57
  597.40,   100.31,   352.53
  595.92,    98.43,   477.60
  596.26,   227.15,   229.70
  594.90,   225.13,   354.55
  593.56,   223.27,   479.43
  593.41,   352.17,   231.76
  592.40,   350.05,   356.59
  591.13,   347.98,   481.45
  723.98,   105.01,   229.55
  722.85,   103.32,   354.37
  721.52,   101.54,   479.27
  721.68,   230.09,   231.43
  720.03,   228.06,   356.32
  718.41,   225.94,   481.15
  718.84,   355.07,   232.94
  717.05,   352.66,   358.11
  715.61,   350.55,   483.17
  474.39,   100.92,   350.88
  471.34,   102.47,   475.96
  468.58,   104.35,   601.10
  476.62,   225.80,   349.46
  473.89,   227.57,   474.34
  471.02,   229.44,   599.44
  478.91,   350.93,   348.23
  476.21,   352.44,   472.96
  472.67,   353.86,   597.87
  599.69,    99.29,   354.04
  596.71,   100.92,   479.08
  593.86,   102.65,   604.16
  601.71,   224.13,   352.64
  598.87,   225.76,   477.50
  596.02,   227.49,   602.48
  603.69,   349.06,   351.25
  600.93,   350.48,   476.10
  597.71,   352.00,   601.09
  725.14,    97.83,   357.35
  722.30,    99.56,   482.24
  719.17,   100.94,   607.28
  726.84,   222.62,   355.90
  723.71,   223.98,   480.69
  720.68,   225.40,   605.65
  728.37,   347.23,   354.24
  725.38,   348.60,   479.29
  722.75,   350.38,   604.46
  474.27,    98.23,   475.42
  472.95,    99.36,   600.60
  471.76,   100.44,   725.71
  474.90,   223.37,   474.50
  473.51,   224.51,   599.63
  471.99,   225.52,   724.89
  475.32,   348.26,   473.79
  473.26,   348.96,   598.74
  470.74,   349.60,   723.86
  599.70,    98.58,   477.06
  598.30,    99.57,   602.17
  596.95,   100.44,   727.23
  599.93,   223.45,   476.17
  598.55,   224.44,   601.18
  597.09,   225.34,   726.34
  600.08,   348.19,   475.45
  598.34,   348.97,   600.48
  596.28,   349.72,   725.51
  725.34,    99.12,   478.74
  723.68,    99.77,   603.80
  721.86,   100.13,   728.92
  724.82,   223.56,   477.87
  723.25,   224.23,   602.86
  721.76,   224.83,   727.96
  724.57,   348.19,   477.15
  723.40,   349.23,   602.35
  722.26,   350.21,   727.38
  474.74,   101.47,   601.68
  477.52,   100.73,   726.77
  480.41,    99.65,   851.67
  477.01,   226.59,   602.48
  479.48,   225.79,   727.73
  481.87,   224.39,   852.77
  478.43,   351.01,   603.38
  479.91,   349.84,   728.48
  482.16,   348.80,   853.63
  600.05,    99.96,   599.25
  602.66,    99.00,   724.30
  605.26,    97.61,   849.32
  602.00,   224.80,   600.04
  604.53,   223.88,   725.19
  606.92,   222.34,   850.35
  603.52,   349.33,   601.13
  605.51,   348.29,   726.15
  607.84,   347.24,   851.12
  725.42,    98.48,   596.89
  727.58,    97.03,   722.00
  729.84,    95.41,   846.99
  726.67,   222.90,   597.72
  729.14,   221.67,   722.81
  731.71,   220.14,   847.85
  728.53,   347.88,   598.99
  731.43,   347.08,   724.02
  733.94,   345.91,   848.62
  473.23,   223.97,   100.83
  470.54,   226.60,   225.57
  468.24,   229.64,   350.30
  471.56,   348.75,    97.94
  469.16,   351.65,   222.80
  467.41,   354.75,   347.47
  470.29,   473.70,    94.88
  468.08,   476.85,   219.71
  466.35,   479.91,   344.56
  598.21,   225.26,   103.26
  595.73,   228.08,   228.14
  593.34,   231.09,   352.95
  596.72,   350.05,   100.19
  594.26,   353.10,   225.16
  592.23,   356.03,   349.97
  595.50,   474.95,    97.11
  593.09,   478.17,   222.03
  591.08,   481.05,   346.93
  723.38,   226.57,   105.79
  721.15,   229.70,   230.83
  718.46,   232.70,   355.68
  722.30,   351.51,   102.29
  719.74,   354.69,   227.29
  716.89,   357.32,   352.43
  721.17,   476.28,    99.11
  718.29,   479.53,   224.22
  715.43,   482.14,   349.30
  473.64,   225.01,   225.03
  476.67,   223.28,   349.78
  479.75,   221.84,   474.68
  473.90,   350.09,   227.03
  477.48,   348.42,   351.71
  480.57,   346.71,   476.44
  474.46,   475.33,   228.71
  478.08,   473.60,   353.58
  481.05,   471.70,   478.41
  598.84,   224.86,   222.27
  601.79,   223.13,   347.12
  604.75,   221.54,   471.99
  598.98,   349.91,   224.06
  602.26,   348.07,   348.89
  605.31,   346.27,   473.75
  599.43,   475.00,   225.71
  602.72,   473.09,   350.62
  605.75,   471.21,   475.64
  724.25,   224.83,   219.66
  726.95,   223.13,   344.54
  729.63,   221.29,   469.33
  724.50,   349.88,   220.85
  726.98,   347.77,   346.03
  729.76,   345.89,   471.08
  724.65,   474.74,   222.54
  727.08,   472.58,   347.66
  730.05,   470.77,   472.79
  473.36,   224.26,   349.43
  474.79,   227.93,   474.32
  476.08,   231.70,   599.40
  475.91,   349.34,   346.24
  477.39,   352.76,   470.97
  478.01,   356.08,   595.87
  478.27,   474.48,   342.97
  479.65,   477.72,   467.81
  480.05,   480.80,   592.59
  598.48,   222.25,   348.51
  599.79,   225.78,   473.36
  601.09,   229.40,   598.33
  600.72,   347.15,   345.15
  602.12,   350.47,   469.99
  603.08,   353.89,   594.99
  602.94,   472.13,   341.74
  604.33,   475.37,   466.75
  605.27,   478.72,   591.81
  723.66,   220.41,   347.66
  724.66,   223.68,   472.44
  725.77,   226.99,   597.39
  725.47,   345.01,   344.02
  726.58,   348.24,   469.05
  728.09,   351.92,   594.22
  727.35,   469.78,   340.50
  728.61,   473.06,   465.61
  730.45,   476.94,   591.00
  475.85,   226.33,   475.37
  476.84,   229.68,   600.46
  477.64,   232.88,   725.70
  479.76,   351.13,   472.43
  480.07,   354.03,   597.34
  479.89,   356.87,   722.41
  483.34,   476.07,   469.68
  483.42,   478.73,   594.48
  483.02,   481.49,   719.21
  600.83,   222.88,   474.75
  601.82,   226.08,   599.73
  602.72,   229.18,   724.86
  604.47,   347.54,   471.79
  605.12,   350.55,   596.81
  605.49,   353.53,   721.82
  607.98,   472.41,   468.96
  608.62,   475.36,   594.04
  608.96,   478.42,   718.87
  725.69,   219.49,   474.17
  726.47,   222.36,   599.12
  727.35,   225.17,   724.20
  728.90,   344.02,   471.20
  730.10,   347.28,   596.37
  731.42,   350.52,   721.40
  732.24,   468.81,   468.17
  733.79,   472.30,   593.57
  735.46,   475.85,   718.67
  476.76,   226.92,   601.52
  479.28,   225.51,   726.76
  481.73,   223.53,   851.80
  475.52,   351.34,   603.08
  477.05,   349.57,   728.17
  479.34,   347.93,   853.31
  474.35,   476.07,   604.86
  475.59,   474.19,   729.61
  478.04,   472.90,   854.69
  601.76,   227.80,   599.06
  604.33,   226.27,   724.20
  606.76,   224.15,   849.35
  600.61,   352.33,   600.81
  602.63,   350.68,   725.82
  605.00,   349.03,   850.78
  599.62,   477.20,   602.70
  601.55,   475.60,   727.51
  603.99,   474.31,   852.32
  726.44,   228.57,   596.73
  728.97,   226.75,   721.81
  731.59,   224.63,   846.82
  725.65,   353.56,   598.66
  728.59,   352.17,   723.68
  731.14,   350.41,   848.26
  724.92,   478.65,   600.55
  728.16,   477.54,   725.59
  730.63,   476.01,   850.03
  473.20,   351.70,    98.78
  476.31,   354.59,   223.63
  480.05,   357.66,   348.29
  471.66,   476.65,    95.79
  474.95,   479.79,   220.60
  478.71,   482.82,   345.45
  470.68,   601.87,    92.62
  473.79,   604.88,   217.20
  477.09,   607.90,   342.39
  598.38,   353.15,    95.52
  601.39,   356.21,   220.47
  604.81,   359.10,   345.29
  596.89,   478.04,    92.53
  599.93,   481.26,   217.43
  603.35,   484.10,   342.32
  595.82,   603.31,    89.54
  598.82,   606.26,   214.22
  601.81,   609.18,   339.36
  723.89,   354.71,    92.17
  726.92,   357.96,   217.07
  729.49,   360.56,   342.23
  722.50,   479.50,    89.10
  725.20,   482.78,   214.09
  727.72,   485.38,   339.19
  720.91,   604.66,    86.41
  723.80,   607.58,   211.45
  726.30,   610.45,   336.39
  475.96,   349.71,   225.98
  478.58,   346.43,   350.65
  480.73,   343.12,   475.37
  474.72,   474.91,   229.31
  477.38,   471.57,   354.16
  479.39,   468.05,   478.97
  473.62,   600.00,   232.28
  475.86,   596.65,   357.50
  477.81,   593.18,   482.60
  601.07,   351.38,   224.01
  603.39,   347.91,   348.83
  605.48,   344.51,   473.67
  599.70,   476.42,   227.31
  602.04,   472.89,   352.21
  604.11,   469.39,   477.21
  598.63,   601.40,   230.46
  600.57,   597.96,   355.61
  602.55,   594.54,   480.73
  726.60,   353.16,   221.79
  728.11,   349.44,   346.97
  729.94,   345.96,   472.01
  724.91,   477.98,   225.15
  726.39,   474.20,   350.24
  728.43,   470.80,   475.37
  723.58,   602.77,   228.84
  725.00,   599.26,   353.73
  726.93,   595.89,   478.62
  473.40,   350.28,   350.79
  471.01,   348.30,   475.52
  467.81,   346.24,   600.44
  470.74,   475.43,   352.89
  468.22,   473.25,   477.71
  464.71,   470.92,   602.48
  467.77,   600.52,   354.79
  465.19,   598.39,   479.92
  462.13,   596.25,   604.71
  598.18,   353.10,   353.50
  595.74,   351.02,   478.35
  592.83,   349.03,   603.34
  595.41,   478.10,   355.48
  592.94,   475.94,   480.49
  589.90,   473.84,   605.49
  592.49,   603.18,   357.46
  589.94,   601.11,   482.61
  587.23,   599.15,   607.54
  722.81,   355.92,   356.19
  720.18,   353.82,   481.24
  717.87,   352.09,   606.41
  719.69,   480.72,   358.06
  717.26,   478.68,   483.21
  715.24,   477.14,   608.58
  716.88,   605.81,   360.13
  714.32,   603.80,   485.06
  712.27,   602.08,   610.32
  473.61,   350.25,   475.83
  472.89,   353.03,   600.76
  471.70,   355.75,   725.84
  475.63,   475.21,   473.23
  474.67,   477.75,   598.02
  473.25,   480.38,   722.77
  477.40,   600.35,   470.63
  476.90,   603.12,   595.47
  476.20,   606.02,   720.06
  598.38,   348.23,   476.16
  597.99,   351.11,   601.17
  597.29,   353.95,   726.19
  600.36,   473.14,   473.49
  599.91,   475.94,   598.55
  599.16,   478.85,   723.35
  602.13,   598.29,   470.78
  601.99,   601.23,   595.78
  601.71,   604.31,   720.52
  722.86,   346.28,   476.54
  723.05,   349.42,   601.72
  723.29,   352.52,   726.74
  724.68,   471.12,   473.69
  725.19,   474.46,   599.08
  725.74,   477.85,   724.13
  726.50,   596.22,   470.71
  726.97,   599.38,   595.99
  727.57,   602.63,   721.22
  474.66,   350.37,   598.46
  470.41,   351.65,   723.54
  466.86,   353.06,   848.66
  475.00,   475.12,   597.19
  470.48,   476.29,   721.92
  467.05,   478.01,   846.95
  475.80,   600.51,   596.10
  471.97,   601.93,   720.66
  468.56,   603.45,   845.48
  599.70,   349.89,   601.93
  595.92,   351.28,   726.92
  592.48,   352.69,   851.88
  600.20,   474.76,   600.76
  596.32,   476.19,   725.54
  592.93,   477.94,   850.34
  600.87,   600.09,   599.46
  597.46,   601.70,   724.17
  594.14,   603.25,   848.92
  724.75,   349.66,   605.53
  721.88,   351.28,   730.51
  718.61,   352.58,   855.07
  725.49,   474.76,   604.36
  722.91,   476.66,   729.35
  719.53,   478.17,   853.77
  725.87,   599.71,   602.73
  723.34,   601.49,   727.92
  720.17,   602.96,   852.66
  474.07,   475.93,   100.67
  475.99,   475.73,   225.56
  478.32,   475.42,   350.46
  473.32,   601.18,   100.78
  475.02,   600.86,   225.49
  476.92,   600.54,   350.75
  472.71,   726.35,   100.81
  474.04,   725.79,   225.35
  475.37,   725.52,   350.93
  599.33,   477.21,    98.87
  600.98,   477.07,   223.84
  602.99,   476.57,   348.80
  598.49,   602.49,    99.16
  600.06,   602.10,   223.97
  601.65,   601.68,   349.16
  597.66,   727.70,    99.34
  599.07,   727.06,   224.21
  600.30,   726.79,   349.60
  725.03,   478.53,    96.85
  726.24,   478.46,   221.98
  727.36,   477.71,   347.13
  723.64,   603.68,    97.48
  725.03,   603.30,   222.65
  726.11,   602.81,   347.60
  722.13,   728.88,    98.16
  723.84,   728.29,   223.37
  725.11,   728.15,   348.20
  474.29,   476.39,   226.36
  477.52,   473.34,   351.21
  480.11,   470.12,   476.02
  471.82,   601.47,   229.07
  474.61,   598.41,   354.28
  477.15,   595.23,   479.39
  469.30,   726.33,   231.71
  471.55,   723.33,   357.25
  474.04,   720.41,   482.70
  599.25,   479.29,   223.82
  602.14,   476.06,   348.72
  604.79,   472.84,   473.72
  596.82,   604.26,   226.71
  599.31,   601.11,   351.86
  601.84,   597.98,   476.99
  594.31,   729.15,   229.72
  596.43,   726.16,   355.07
  598.83,   723.25,   480.20
  724.45,   482.24,   221.13
  726.48,   478.76,   346.22
  729.05,   475.62,   471.33
  721.74,   607.01,   224.58
  723.72,   603.80,   349.47
  726.18,   600.71,   474.34
  719.05,   731.96,   228.05
  721.21,   729.08,   352.82
  723.48,   726.02,   477.35
  475.59,   474.86,   351.63
  476.82,   472.63,   476.48
  477.08,   470.24,   601.28
  472.24,   599.94,   353.68
  473.41,   597.76,   478.83
  474.10,   595.57,   603.64
  468.73,   724.87,   355.61
  469.87,   722.94,   481.11
  471.24,   721.30,   606.13
  600.23,   477.98,   350.48
  601.52,   475.76,   475.52
  602.32,   473.64,   600.59
  596.95,   603.04,   352.60
  598.14,   600.91,   477.77
  599.22,   598.92,   602.76
  593.63,   728.10,   354.78
  594.68,   726.19,   479.97
  596.09,   724.42,   604.89
  724.56,   481.06,   349.32
  725.81,   478.93,   474.48
  727.58,   477.37,   599.89
  721.37,   606.13,   351.55
  722.49,   604.04,   476.46
  724.20,   602.27,   601.74
  718.42,   731.42,   353.88
  719.34,   729.36,   478.46
  720.70,   727.11,   603.43
  475.00,   474.52,   473.07
  477.72,   473.67,   597.85
  479.98,   472.91,   722.59
  473.06,   599.69,   473.91
  476.22,   599.05,   598.71
  479.14,   598.53,   723.27
  470.97,   724.90,   474.65
  474.79,   724.80,   599.69
  478.61,   724.60,   724.21
  599.68,   476.16,   469.62
  602.93,   475.58,   594.67
  605.92,   475.12,   719.49
  597.76,   601.36,   470.35
  601.29,   600.90,   595.33
  604.69,   600.58,   720.06
  595.77,   726.66,   471.04
  599.59,   726.42,   595.94
  603.56,   726.04,   720.65
  723.92,   477.84,   466.08
  728.10,   477.78,   591.46
  732.42,   477.84,   716.55
  722.08,   602.99,   466.56
  726.19,   602.74,   591.79
  730.50,   602.61,   717.04
  720.43,   728.38,   467.08
  724.18,   727.66,   591.96
  728.20,   726.86,   717.36
  474.74,   473.20,   600.86
  472.84,   470.18,   725.62
  472.08,   467.72,   850.69
  471.33,   598.51,   603.91
  470.06,   595.71,   728.48
  469.30,   593.06,   853.37
  468.03,   724.22,   607.08
  467.66,   721.70,   731.61
  466.78,   718.39,   856.10
  599.95,   477.00,   601.90
  598.72,   474.25,   726.69
  597.99,   471.81,   851.51
  596.43,   602.27,   604.74
  595.62,   599.67,   729.45
  594.92,   597.02,   854.25
  592.88,   727.76,   607.57
  592.69,   725.12,   732.25
  592.07,   721.89,   856.95
  725.23,   481.14,   602.94
  725.31,   478.87,   727.97
  724.59,   476.19,   852.40
  721.42,   606.02,   605.47
  721.51,   603.60,   730.68
  720.97,   600.88,   855.43
  717.48,   730.83,   607.84
  717.40,   727.82,   733.24
  717.14,   724.98,   858.43
  473.41,   601.92,   101.24
  474.44,   605.58,   225.89
  475.62,   609.23,   351.11
  470.43,   727.01,    97.35
  471.10,   730.39,   221.78
  471.72,   734.10,   347.30
  466.99,   851.70,    93.84
  467.59,   855.14,   218.36
  467.98,   858.72,   343.60
  598.54,   605.56,   100.19
  599.44,   609.13,   224.95
  600.32,   612.70,   350.11
  595.35,   730.68,    96.42
  596.09,   733.99,   221.21
  596.63,   737.70,   346.57
  591.54,   855.26,    92.72
  592.55,   858.80,   217.86
  593.13,   862.48,   343.01
  723.64,   609.08,    99.10
  724.36,   612.65,   224.24
  724.77,   616.17,   349.14
  719.77,   734.18,    95.80
  720.81,   737.56,   220.98
  721.44,   741.43,   345.79
  715.87,   858.68,    91.92
  717.08,   862.43,   217.47
  717.92,   866.60,   342.38
  475.60,   601.66,   222.88
  476.87,   601.79,   348.14
  477.90,   601.82,   473.34
  476.71,   726.59,   222.26
  477.41,   726.77,   347.84
  478.35,   727.03,   473.37
  477.65,   851.44,   222.32
  478.10,   851.51,   347.65
  478.85,   852.00,   473.16
  600.65,   600.81,   221.98
  601.62,   600.85,   347.18
  602.64,   600.91,   472.37
  601.74,   725.78,   221.76
  602.35,   725.96,   347.14
  603.20,   726.23,   472.33
  602.64,   850.70,   221.90
  603.26,   850.91,   347.11
  603.87,   851.27,   472.18
  725.64,   599.93,   221.27
  726.09,   599.89,   346.25
  727.02,   599.98,   471.17
  726.52,   724.93,   221.54
  727.16,   725.23,   346.37
  727.91,   725.36,   470.94
  727.18,   849.95,   221.61
  728.11,   850.59,   346.48
  728.89,   850.57,   470.87
  475.73,   599.10,   349.87
  475.01,   595.33,   475.00
  473.78,   591.52,   599.78
  477.66,   724.02,   353.41
  476.88,   720.49,   478.86
  476.33,   717.23,   603.85
  479.72,   848.70,   357.03
  478.76,   845.44,   482.50
  478.40,   842.45,   607.70
  600.46,   596.73,   350.59
  599.75,   592.99,   475.72
  598.90,   589.38,   600.69
  602.57,   721.78,   354.38
  601.70,   718.26,   479.50
  601.19,   714.86,   604.39
  604.85,   846.69,   358.15
  603.75,   843.28,   483.17
  603.27,   839.84,   608.08
  724.89,   594.34,   351.32
  724.12,   590.65,   476.23
  723.95,   587.32,   601.52
  727.34,   719.62,   355.23
  726.37,   715.93,   479.78
  725.86,   712.13,   604.77
  729.71,   844.94,   359.13
  728.74,   841.07,   483.47
  727.97,   836.75,   608.26
  475.52,   600.65,   477.06
  477.99,   600.17,   601.88
  480.23,   599.82,   726.46
  476.67,   725.87,   477.58
  479.81,   725.94,   602.61
  482.94,   725.89,   727.14
  477.83,   850.84,   477.85
  481.09,   851.12,   603.09
  484.67,   851.09,   727.71
  600.25,   599.07,   474.18
  603.09,   598.77,   599.17
  605.79,   598.62,   723.92
  601.48,   724.39,   474.62
  604.61,   724.29,   599.53
  607.89,   724.05,   724.27
  602.82,   849.43,   474.94
  605.93,   849.25,   599.87
  609.54,   848.86,   724.79
  724.59,   597.48,   471.07
  728.05,   597.41,   596.34
  731.68,   597.46,   721.60
  726.14,   722.84,   471.31
  729.23,   722.28,   596.25
  732.59,   721.67,   721.70
  727.80,   848.05,   471.70
  730.68,   847.01,   596.44
  733.77,   845.91,   721.91
  474.58,   601.93,   600.10
  474.77,   601.78,   724.71
  475.42,   601.74,   849.59
  474.45,   727.70,   600.67
  475.55,   727.86,   725.25
  476.15,   727.20,   849.72
  473.80,   852.87,   600.97
  475.32,   853.06,   725.64
  476.24,   852.30,   849.96
  599.70,   602.46,   599.43
  600.34,   602.50,   724.20
  601.08,   602.48,   849.00
  599.32,   728.00,   599.65
  600.56,   727.98,   724.39
  601.45,   727.42,   849.14
  598.71,   852.96,   599.83
  600.28,   852.82,   724.77
  601.38,   852.19,   849.72
  724.70,   602.99,   598.65
  726.24,   603.21,   723.92
  727.18,   603.12,   848.74
  723.97,   727.89,   598.40
  725.28,   727.47,   723.85
  726.47,   727.22,   849.17
  723.51,   852.62,   598.44
  724.61,   851.78,   723.92
  725.78,   851.68,   849.84
  598.99,    99.34,   101.02
  599.77,   100.47,   225.92
  600.45,   101.71,   350.91
  602.61,   224.18,    99.84
  603.40,   225.26,   224.78
  604.23,   226.52,   349.66
  606.04,   348.95,    98.50
  606.81,   350.27,   223.52
  607.94,   351.42,   348.41
  723.70,    95.51,   100.57
  724.75,    96.82,   225.65
  725.87,    98.44,   350.54
  727.70,   220.52,    99.21
  728.79,   221.91,   224.34
  729.36,   223.21,   349.23
  731.57,   345.44,    97.48
  732.34,   346.91,   222.48
  732.64,   347.80,   347.71
  848.66,    91.54,   100.00
  849.59,    93.16,   225.15
  850.88,    94.83,   349.96
  852.60,   216.73,    98.56
  853.52,   218.23,   223.70
  854.11,   219.46,   348.56
  856.89,   341.64,    96.83
  857.65,   343.07,   221.79
  857.54,   344.14,   347.00
  599.16,    99.65,   223.40
  599.37,    98.03,   348.38
  599.64,    96.58,   473.46
  601.47,   224.45,   225.13
  601.83,   222.87,   350.01
  602.22,   221.43,   474.90
  603.57,   349.49,   226.75
  604.25,   347.79,   351.63
  604.72,   346.14,   476.52
  724.16,    97.31,   223.53
  724.82,    96.07,   348.41
  725.28,    94.78,   473.33
  726.89,   222.44,   225.08
  727.00,   220.89,   349.98
  727.11,   219.20,   474.80
  729.10,   347.46,   226.12
  728.97,   345.49,   351.33
  729.19,   343.79,   476.41
  849.04,    94.98,   223.43
  849.87,    93.80,   348.24
  850.41,    92.42,   473.03
  851.68,   220.09,   224.84
  851.80,   218.47,   349.71
  851.85,   216.70,   474.48
  854.47,   344.95,   225.80
  853.87,   343.17,   351.02
  853.76,   341.55,   476.12
  600.04,    98.52,   349.57
  602.35,    95.11,   474.59
  604.75,    91.76,   599.66
  596.66,   223.27,   353.23
  599.09,   219.88,   478.07
  601.54,   216.58,   603.03
  593.29,   348.13,   356.89
  595.78,   344.52,   481.71
  597.83,   341.01,   606.68
  725.44,   102.46,   347.70
  727.93,    99.18,   472.55
  730.14,    95.57,   597.57
  721.77,   227.17,   351.28
  723.93,   223.51,   476.06
  726.17,   219.88,   600.99
  717.92,   351.71,   354.70
  720.22,   348.05,   479.71
  722.84,   344.78,   604.84
  850.40,   106.05,   345.62
  852.93,   102.62,   470.33
  854.96,    98.85,   595.28
  846.52,   230.67,   349.11
  848.58,   226.92,   473.84
  850.77,   223.22,   598.70
  842.75,   355.29,   352.46
  844.69,   351.70,   477.53
  847.59,   348.51,   602.62
  598.94,    98.39,   474.64
  598.59,    99.24,   599.76
  598.28,    99.97,   724.83
  599.51,   223.26,   473.90
  599.17,   224.11,   598.91
  598.77,   224.87,   724.09
  600.00,   348.01,   473.32
  599.31,   348.65,   598.36
  598.32,   349.26,   723.41
  724.59,    98.59,   475.27
  723.99,    99.11,   600.35
  723.22,    99.33,   725.48
  724.41,   223.04,   474.56
  723.88,   223.57,   599.55
  723.44,   224.02,   724.66
  724.49,   347.66,   473.98
  724.36,   348.55,   599.18
  724.28,   349.40,   724.24
  849.71,    98.22,   475.73
  848.93,    98.58,   600.76
  847.81,    98.69,   725.94
  849.15,   222.56,   475.01
  848.56,   223.03,   599.94
  848.05,   223.47,   725.04
  849.06,   347.45,   474.46
  849.15,   348.41,   599.62
  849.64,   349.31,   724.70
  601.68,   102.14,   600.28
  601.13,    99.75,   725.33
  600.59,    96.95,   850.35
  600.34,   226.96,   602.52
  599.73,   224.62,   727.67
  598.96,   221.66,   852.84
  598.56,   351.46,   605.05
  597.35,   348.98,   730.07
  596.52,   346.50,   855.07
  727.02,   103.84,   601.10
  726.04,   100.97,   726.21
  725.20,    97.95,   851.22
  725.04,   228.28,   603.40
  724.39,   225.65,   728.49
  723.81,   222.69,   853.52
  723.66,   353.27,   606.13
  723.35,   351.02,   731.13
  722.63,   348.41,   855.72
  851.88,   105.13,   601.74
  850.58,   102.18,   726.89
  849.68,    99.31,   851.81
  849.70,   229.64,   604.03
  849.02,   227.00,   729.11
  848.38,   224.04,   854.20
  848.49,   355.04,   606.83
  848.77,   352.83,   731.85
  848.05,   350.00,   856.42
  598.39,   224.67,   100.45
  595.33,   221.45,   225.31
  592.32,   218.44,   350.11
  598.36,   349.47,   103.43
  595.33,   346.48,   228.39
  592.68,   343.37,   353.18
  598.58,   474.40,   106.40
  595.63,   471.55,   231.33
  593.03,   468.39,   356.21
  723.53,   224.36,   103.60
  720.73,   221.46,   228.65
  717.48,   218.49,   353.47
  723.96,   349.34,   106.14
  720.80,   346.47,   231.16
  717.38,   343.09,   356.29
  724.30,   474.13,   108.97
  720.77,   471.31,   234.14
  717.35,   467.87,   359.20
  848.48,   223.95,   106.74
  845.56,   221.16,   231.82
  842.30,   218.14,   356.62
  849.41,   348.89,   109.25
  846.19,   346.02,   234.19
  842.20,   342.79,   359.38
  849.95,   473.77,   112.04
  846.53,   470.90,   237.06
  842.31,   467.62,   362.17
  601.92,   222.97,   224.95
  601.97,   225.17,   349.82
  602.05,   227.51,   474.71
  599.28,   347.99,   222.80
  599.67,   350.09,   347.66
  599.84,   352.22,   472.54
  596.93,   473.05,   220.54
  597.37,   475.10,   345.47
  597.53,   477.14,   470.51
  727.34,   225.68,   225.19
  727.12,   227.89,   350.08
  726.90,   229.96,   474.91
  724.81,   350.68,   222.45
  724.38,   352.49,   347.65
  724.30,   354.56,   472.73
  722.19,   475.52,   220.22
  721.74,   477.30,   345.36
  721.83,   479.42,   470.51
  852.15,   228.02,   225.23
  851.89,   230.17,   350.10
  851.59,   232.18,   474.89
  850.26,   352.90,   222.39
  849.30,   354.88,   347.63
  848.84,   357.05,   472.75
  848.03,   477.79,   220.07
  846.88,   479.74,   345.23
  846.42,   482.01,   470.40
  598.50,   223.57,   350.23
  600.62,   224.07,   475.12
  602.74,   224.66,   600.13
  600.63,   348.52,   349.90
  602.83,   348.80,   474.78
  604.60,   349.19,   599.82
  602.73,   473.54,   349.52
  604.92,   473.74,   474.57
  606.64,   474.06,   599.66
  723.66,   221.88,   348.51
  725.49,   222.12,   473.33
  727.41,   222.38,   598.31
  725.35,   346.52,   347.91
  727.28,   346.73,   472.98
  729.61,   347.37,   598.17
  727.09,   471.32,   347.42
  729.21,   471.60,   472.58
  731.89,   472.46,   598.00
  848.46,   219.77,   346.56
  850.22,   219.92,   471.33
  852.06,   220.12,   596.23
  850.26,   344.47,   345.90
  851.83,   344.77,   470.99
  854.33,   345.45,   596.12
  852.27,   469.36,   345.30
  853.82,   469.79,   470.49
  856.68,   470.74,   595.96
  598.70,   223.39,   473.39
  597.51,   226.89,   598.36
  596.23,   230.29,   723.48
  601.87,   348.07,   470.20
  600.34,   351.35,   595.19
  598.48,   354.60,   720.19
  604.92,   472.94,   467.14
  603.35,   476.16,   592.20
  601.45,   479.48,   717.00
  723.57,   220.53,   474.98
  722.19,   223.70,   599.93
  720.90,   226.82,   724.99
  726.32,   345.07,   471.78
  725.33,   348.61,   596.94
  724.42,   352.13,   721.95
  729.19,   469.87,   468.53
  728.54,   473.62,   593.91
  727.96,   477.43,   718.97
  848.29,   217.41,   476.36
  846.82,   220.52,   601.25
  845.47,   223.61,   726.31
  850.86,   342.20,   473.18
  850.07,   345.80,   598.29
  849.72,   349.38,   723.33
  853.80,   467.16,   469.83
  853.35,   471.01,   595.27
  853.48,   474.79,   720.50
  599.02,   224.47,   598.45
  598.57,   223.58,   723.62
  597.97,   222.08,   848.81
  599.49,   349.01,   599.56
  598.46,   347.97,   724.60
  597.76,   346.92,   849.61
  600.13,   473.88,   600.83
  598.99,   472.87,   725.66
  598.34,   472.18,   850.50
  723.73,   223.58,   599.13
  723.23,   222.38,   724.24
  722.81,   220.87,   849.30
  724.55,   348.57,   600.42
  724.41,   347.76,   725.46
  723.90,   346.60,   850.09
  725.45,   473.67,   601.69
  725.62,   473.15,   726.75
  725.01,   472.22,   851.21
  848.40,   222.70,   599.56
  847.83,   221.48,   724.66
  847.37,   219.97,   849.78
  849.35,   348.07,   600.90
  849.77,   347.31,   725.96
  849.31,   345.96,   850.60
  850.35,   473.37,   602.17
  851.26,   472.83,   727.41
  850.78,   471.57,   851.73
  600.83,   350.19,   101.69
  600.42,   352.85,   226.69
  600.40,   355.35,   351.54
  597.34,   475.06,    99.03
  596.98,   477.87,   223.99
  596.99,   480.33,   348.92
  594.31,   600.27,    96.36
  593.87,   602.84,   221.12
  593.46,   605.38,   346.30
  726.40,   353.85,   101.71
  725.90,   356.64,   226.73
  725.04,   358.86,   351.92
  723.00,   478.59,    98.95
  722.17,   481.44,   224.09
  721.31,   483.64,   349.20
  719.44,   603.66,    96.61
  718.82,   606.22,   221.76
  717.90,   608.70,   346.71
  851.83,   357.21,   102.11
  851.33,   359.97,   227.05
  849.93,   362.37,   352.28
  848.56,   482.07,    99.32
  847.96,   484.83,   224.33
  846.39,   487.21,   349.46
  844.59,   607.10,    97.02
  843.95,   609.67,   222.25
  842.86,   612.19,   346.92
  598.30,   351.64,   225.98
  597.20,   353.99,   350.82
  595.87,   356.38,   475.69
  596.67,   476.71,   223.43
  595.60,   479.01,   348.36
  594.24,   481.32,   473.39
  595.37,   601.72,   220.71
  593.88,   604.10,   345.89
  592.41,   606.51,   471.06
  723.81,   353.65,   227.15
  721.88,   355.71,   352.33
  720.33,   358.05,   477.40
  721.89,   478.50,   224.65
  719.95,   480.53,   349.77
  718.57,   482.93,   474.91
  720.35,   603.31,   222.47
  718.34,   605.63,   347.42
  716.80,   608.07,   472.32
  849.25,   355.21,   228.60
  846.77,   357.43,   353.83
  844.85,   359.88,   478.94
  847.71,   480.10,   226.02
  845.04,   482.30,   351.15
  843.14,   484.85,   476.31
  845.54,   604.98,   224.07
  843.33,   607.33,   348.75
  841.60,   609.76,   473.47
  598.80,   348.94,   350.51
  599.43,   352.18,   475.36
  599.59,   355.49,   600.37
  596.16,   473.93,   347.23
  596.78,   477.07,   472.25
  596.88,   480.31,   597.28
  593.42,   598.97,   343.95
  593.92,   602.21,   469.11
  594.32,   605.59,   594.08
  723.50,   351.67,   350.01
  723.88,   354.84,   475.06
  724.66,   358.45,   600.25
  720.52,   476.45,   346.63
  721.08,   479.67,   471.76
  722.13,   483.44,   597.14
  717.87,   601.50,   343.48
  718.28,   604.77,   468.37
  719.25,   608.34,   593.58
  848.40,   354.39,   349.50
  848.41,   357.66,   474.59
  849.44,   361.36,   599.75
  845.64,   479.22,   346.01
  845.65,   482.59,   471.15
  847.00,   486.51,   596.62
  842.87,   604.20,   342.82
  843.07,   607.46,   467.50
  844.17,   611.06,   592.96
  600.19,   348.01,   475.30
  600.76,   345.21,   600.30
  601.09,   342.40,   725.33
  599.72,   472.93,   478.32
  600.19,   470.04,   603.36
  600.37,   467.25,   728.17
  599.05,   598.10,   481.31
  599.82,   595.34,   606.28
  600.42,   592.70,   731.00
  724.68,   348.53,   474.70
  725.81,   345.98,   599.87
  726.99,   343.37,   724.88
  724.07,   473.39,   477.54
  725.53,   471.06,   602.93
  727.02,   468.75,   727.96
  723.45,   598.51,   480.27
  724.90,   596.00,   605.56
  726.44,   593.59,   730.77
  849.24,   349.17,   473.92
  850.59,   346.68,   599.04
  852.29,   344.11,   724.07
  848.67,   474.17,   476.64
  850.42,   471.97,   602.11
  852.63,   469.63,   727.31
  848.29,   599.08,   479.12
  849.87,   596.63,   604.68
  851.75,   594.13,   730.30
  601.22,   349.81,   601.01
  603.52,   351.46,   726.02
  606.18,   353.14,   850.96
  601.02,   474.68,   599.58
  603.26,   476.40,   724.39
  605.97,   478.42,   849.18
  600.99,   600.00,   598.01
  603.66,   601.88,   722.75
  606.43,   603.69,   847.52
  726.25,   350.19,   598.55
  729.49,   352.11,   723.58
  732.35,   353.68,   848.14
  726.28,   475.26,   597.11
  729.83,   477.48,   722.17
  732.65,   479.28,   846.62
  725.95,   600.22,   595.22
  729.52,   602.27,   720.46
  732.51,   604.00,   845.27
  850.99,   350.49,   595.70
  854.75,   352.45,   720.74
  857.69,   353.84,   845.34
  851.09,   475.75,   594.25
  855.32,   477.92,   719.50
  858.31,   479.38,   843.86
  850.86,   600.42,   592.28
  854.68,   602.38,   717.93
  857.76,   603.86,   842.81
  600.76,   474.52,    98.18
  599.51,   478.10,   223.12
  598.65,   481.34,   348.04
  599.58,   599.74,    94.74
  598.27,   603.09,   219.48
  596.98,   606.40,   344.63
  598.42,   724.96,    91.21
  596.99,   728.00,   215.94
  595.33,   731.44,   341.29
  726.46,   476.21,    98.99
  724.75,   479.84,   224.11
  723.01,   482.81,   349.21
  724.74,   601.29,    95.88
  723.25,   604.63,   221.01
  721.46,   607.89,   345.94
  722.90,   726.47,    92.81
  721.74,   729.58,   217.97
  720.15,   733.17,   342.79
  852.03,   477.85,   100.28
  850.56,   481.39,   225.26
  848.13,   484.54,   350.36
  849.95,   602.89,    97.18
  848.45,   606.25,   222.38
  846.48,   609.54,   347.03
  847.56,   727.93,    94.24
  846.25,   731.15,   219.59
  844.91,   734.77,   343.95
  600.44,   475.50,   225.14
  604.20,   477.07,   350.04
  607.71,   478.66,   475.06
  604.43,   600.47,   223.09
  607.77,   602.12,   348.23
  611.17,   603.80,   473.35
  608.38,   725.37,   221.18
  611.38,   727.18,   346.49
  614.59,   729.07,   471.58
  725.61,   471.92,   221.54
  728.50,   473.23,   346.65
  731.93,   474.89,   471.77
  729.34,   596.69,   220.02
  732.16,   598.26,   344.95
  735.47,   599.97,   469.79
  733.05,   721.61,   218.61
  736.09,   723.53,   343.38
  739.23,   725.28,   467.83
  851.40,   468.13,   218.11
  853.64,   469.65,   343.25
  856.51,   471.47,   468.38
  854.57,   592.98,   216.77
  857.24,   594.62,   341.46
  860.32,   596.34,   466.17
  857.54,   717.86,   215.56
  860.81,   719.75,   339.90
  864.18,   721.27,   464.14
  601.16,   476.46,   348.89
  604.44,   476.06,   473.92
  607.27,   475.79,   598.99
  598.07,   601.55,   349.24
  601.25,   601.24,   474.39
  604.35,   601.07,   599.38
  594.96,   726.62,   349.64
  597.98,   726.53,   474.82
  601.37,   726.57,   599.72
  725.47,   479.36,   345.69
  728.68,   479.03,   470.82
  732.46,   479.30,   596.22
  722.48,   604.44,   346.15
  725.56,   604.16,   471.03
  729.26,   604.20,   596.28
  719.73,   729.74,   346.73
  722.63,   729.51,   471.27
  725.95,   729.06,   596.19
  850.62,   482.51,   342.46
  853.27,   482.33,   467.60
  857.20,   482.67,   593.06
  847.47,   607.51,   342.88
  850.37,   607.22,   467.56
  854.12,   607.29,   593.05
  844.45,   732.75,   343.53
  847.55,   732.28,   467.73
  850.72,   731.64,   592.91
  598.95,   473.07,   473.61
  596.56,   471.24,   598.66
  593.81,   469.49,   723.46
  598.61,   598.26,   475.53
  596.52,   596.56,   600.51
  594.21,   594.98,   725.23
  598.19,   723.58,   477.39
  596.43,   722.11,   602.32
  594.77,   720.52,   727.02
  723.28,   473.15,   475.70
  721.86,   471.86,   601.09
  720.41,   470.59,   726.11
  723.00,   598.29,   477.35
  721.56,   596.84,   602.64
  720.18,   595.48,   727.84
  722.88,   723.64,   478.99
  721.09,   721.72,   603.99
  719.56,   719.78,   729.38
  847.87,   473.55,   477.68
  846.78,   472.42,   603.16
  846.14,   471.19,   728.37
  847.83,   598.48,   479.07
  846.54,   597.10,   604.64
  845.56,   595.68,   730.26
  847.86,   723.49,   480.60
  845.92,   721.40,   605.91
  844.02,   719.32,   731.83
  599.36,   475.02,   598.19
  601.85,   476.34,   723.00
  604.83,   477.97,   847.79
  595.97,   600.30,   597.10
  598.89,   601.77,   721.82
  601.92,   603.19,   846.59
  592.53,   725.80,   596.00
  596.03,   727.24,   720.69
  599.22,   728.10,   845.37
  724.54,   478.95,   595.41
  728.36,   480.78,   720.48
  731.47,   482.20,   844.94
  720.86,   603.87,   593.99
  724.66,   605.51,   719.22
  727.94,   606.86,   844.04
  717.09,   728.77,   592.43
  720.66,   729.77,   717.78
  724.13,   730.90,   843.09
  849.30,   482.80,   592.25
  853.81,   484.59,   717.53
  857.11,   485.68,   841.90
  845.70,   607.40,   590.72
  849.78,   608.96,   716.40
  853.16,   610.07,   841.33
  841.84,   731.77,   589.07
  844.96,   732.60,   714.94
  848.32,   733.88,   840.62
  599.81,   599.01,   100.49
  600.44,   600.40,   225.31
  601.08,   601.75,   350.51
  603.00,   724.20,    98.90
  603.47,   725.33,   223.77
  603.74,   726.83,   349.14
  605.57,   848.87,    97.36
  606.30,   850.22,   222.59
  606.60,   851.75,   347.78
  724.99,   596.17,    99.77
  725.39,   597.57,   224.96
  725.52,   598.85,   349.92
  727.47,   721.34,    98.69
  728.22,   722.53,   223.90
  728.52,   724.16,   348.72
  729.89,   845.96,    97.10
  730.80,   847.53,   222.67
  731.41,   849.49,   347.50
  850.22,   593.39,    99.20
  850.65,   594.82,   224.42
  850.57,   596.14,   349.13
  852.15,   718.43,    98.23
  852.76,   719.75,   223.59
  853.31,   721.34,   347.95
  854.56,   843.03,    96.61
  855.17,   844.81,   222.21
  856.02,   846.70,   346.77
  598.60,   598.21,   223.25
  597.12,   597.85,   348.43
  595.69,   597.52,   473.62
  601.54,   723.14,   223.44
  599.68,   722.93,   348.82
  598.07,   722.82,   474.02
  604.29,   848.04,   224.02
  602.43,   847.86,   349.21
  600.57,   847.84,   474.30
  723.54,   595.47,   224.99
  721.54,   595.03,   349.95
  720.05,   594.75,   474.91
  726.29,   720.44,   225.68
  724.44,   720.34,   350.49
  722.74,   720.08,   475.09
  728.79,   845.46,   226.21
  727.26,   845.69,   351.03
  725.55,   845.27,   475.42
  848.80,   592.82,   226.55
  846.55,   592.41,   351.27
  844.83,   592.15,   476.10
  850.84,   717.75,   227.48
  849.23,   717.63,   351.82
  847.69,   717.15,   476.15
  853.17,   842.86,   227.88
  851.88,   843.02,   352.40
  850.50,   842.41,   476.73
  600.53,   601.97,   350.49
  596.94,   601.93,   475.63
  593.24,   602.03,   600.58
  598.82,   727.07,   350.51
  595.07,   727.25,   475.66
  591.69,   727.59,   600.58
  597.29,   851.99,   350.51
  593.28,   852.27,   475.57
  589.89,   852.57,   600.53
  724.93,   603.44,   354.16
  721.30,   603.46,   479.06
  718.22,   603.77,   604.31
  723.57,   728.79,   354.34
  719.72,   728.82,   478.88
  716.30,   728.68,   603.84
  722.09,   854.12,   354.48
  718.24,   853.97,   478.87
  714.63,   853.39,   603.64
  849.91,   605.11,   357.61
  846.08,   605.13,   482.39
  843.17,   605.50,   607.93
  848.32,   730.37,   357.81
  844.65,   730.16,   482.10
  841.05,   729.79,   607.36
  846.68,   855.80,   358.02
  843.17,   855.45,   482.35
  839.34,   854.52,   607.27
  599.92,   599.01,   474.97
  600.54,   596.14,   599.95
  600.97,   593.41,   724.69
  602.05,   724.29,   477.98
  602.99,   721.63,   602.89
  604.02,   718.84,   727.62
  604.29,   849.29,   480.88
  605.23,   846.56,   605.81
  606.65,   843.64,   730.72
  724.30,   596.52,   474.03
  725.55,   593.90,   599.32
  726.94,   591.41,   724.54
  726.74,   721.83,   476.82
  727.64,   718.72,   601.81
  728.81,   715.61,   727.24
  729.29,   846.97,   479.77
  729.96,   843.36,   604.55
  730.88,   839.77,   730.07
  849.12,   594.21,   473.00
  850.50,   591.66,   598.54
  852.24,   589.11,   724.16
  851.72,   719.17,   475.69
  852.49,   715.95,   600.99
  853.28,   712.76,   726.89
  854.25,   844.39,   478.90
  854.67,   840.57,   603.88
  854.90,   836.69,   729.50
  600.62,   601.16,   599.20
  596.97,   603.17,   723.89
  593.40,   605.11,   848.63
  598.86,   726.67,   597.39
  595.83,   728.66,   722.08
  592.45,   730.08,   846.73
  596.86,   851.62,   595.56
  594.16,   853.50,   720.43
  591.01,   854.87,   845.27
  725.59,   603.14,   602.68
  722.81,   605.31,   727.87
  719.40,   607.16,   852.60
  723.47,   727.99,   600.41
  720.50,   729.57,   725.78
  717.41,   731.29,   850.99
  721.63,   852.71,   598.43
  718.49,   853.90,   723.83
  715.40,   855.77,   849.64
  850.53,   605.09,   606.06
  848.05,   607.16,   731.67
  844.75,   608.78,   856.43
  848.25,   729.37,   603.72
  844.83,   730.77,   729.59
  841.73,   732.71,   855.13
  846.35,   854.13,   601.87
  842.57,   854.88,   727.35
  839.36,   857.21,   853.56
